3.228410117285547
3.213968444172984
3.203719726758506
3.1797053231628625
3.1587288933439104
3.1134782890901294
3.147002010815822
3.0658909684041413
3.0338571154434506
3.0190316553491114
2.9809976405709318
2.9546946211043466
3.043944655744392
2.9341628004577953
2.8884542626618983
2.900483461718441
2.853464435096017
2.9106033824516966
2.8257268806529803
2.894445509326215
3.156245091440393
2.8394207115296886
3.0041182163078646
3.1406041973157803
2.9300322546498916
2.9435765122688715
2.804010192941921
2.905436610935552
2.8871441367706954
2.7374520305532832
2.7823575000337675
2.846547784786703
2.7748242826609237
2.9379653497330347
2.9384916954951192
2.9790044617257787
2.7285310888522574
3.1627787584092593
2.98666084681829
2.9275305671651477
2.9424216291596528
3.000201800832168
2.753410859128706
2.9717694446419034
3.0782332310126708
3.0171782202708246
2.9356616631921204
3.0393762476090838
2.9595807996903747
2.982434107080379
3.151712813196287
2.877136793062926
2.831092513575511
3.0023179643299955
2.9508810992064847
2.9973848536090197
2.7824286931698587
2.8777895495172623
2.8615159816443367
2.986234802571583
3.08791695915361
2.8807676614690756
2.914557015350704
2.7874100484090683
2.8761079280988007
2.9797480168342907
2.7661891497556543
3.065155140319312
2.983439645048512
2.8355328988176627
2.8314218785890612
2.87847765896134
2.822380839971298
2.8647007754240024
2.8330641284110367
2.7065802270438812
2.9913508691593305
2.9180636852863544
2.84492261577974
2.93330040017022
3.1669838742537193
3.0627973263601858
2.9565129699889456
2.9629229913575053
2.840898389308631
2.816027925787723
3.0113744328724277
2.7695775956708637
2.903758329659935
3.224749277413122
2.9654126233574516
2.9377140663883172
3.053863894441073
2.893243768098412
2.990734349331077
2.855835277678901
3.0359151672433997
3.0452669996178754
2.928444836392505
2.914989485141775
2.9581664039230375
2.9207719476997323
2.8153879829729087
2.90116584034297
2.981591288335529
2.9756610867297977
2.8871536471125805
2.8483946550825454
2.952479771220184
3.0021074947447994
2.9402014411181243
3.0480321721718755
2.9629978920239464
3.0122702251075673
3.003990847910395
2.8670254814657725
3.0136631380040018
3.0966191466627864
2.9963060344364125
2.9204158498369512
2.9643819239747327
3.1137689479920585
2.9591140798344413
2.971832915960986
2.862792902119401
3.0552244388036205
3.0212966340915646
2.9226145787012063
3.1242585708597366
2.9397922904237603
3.0075221826907526
2.868141663307525
3.036315265777054
2.9731103550366327
3.2154826597988384
3.1204301900171822
2.9998013375440755
2.9964449349255458
3.022965605498407
3.0771902419383195
3.1608532423488054
3.0276698068694943
3.010519687830044
3.016607981187749
3.0296766878800283
2.9508717234551454
2.9804031827610573
2.936060474099528
2.9904859506407693
3.0061564962758998
2.9806568145979884
3.0653394230801876
3.021878552959088
3.0515726306914353
2.973189811567222
2.9944500922214976
3.0304901676020037
2.983971807615116
3.090876984536975
3.0237714358220282
3.0433831973197836
2.955767713797405
3.0164701253955903
3.0876770863202503
3.0265032885994643
2.861326535111632
2.939601215770929
3.012897637989724
3.0393159671825902
3.0906229896726534
3.019319371370142
2.864671441602893
2.9655001586926617
3.013179101372551
2.89736996340061
2.9870106081973775
2.9119023594845443
2.8725541472726226
2.894975914977489
3.042962546372149
2.938527268902926
2.820026449070823
2.9654823303526547
3.064646112582773
2.909491482984594
3.010616766293669
2.9365797955508475
2.897024169173785
3.0047211405781833
2.829226495945859
2.8687075850722876
2.8711832435606617
2.78654422713272
2.7670255307944216
2.8021505253203722
2.8346202214196476
2.7922906390788436
2.830138704065324
2.760554761777472
2.7936398181003343
2.73299297292392
2.8423618764197065
2.7777161319122534
2.7822320341007236
2.9610464732590285
2.877302730118905
2.7849737681785283
2.814628001318104
2.7862846791725704
2.776395505260404
2.863106377753966
2.7775034288208977
2.7354964353595714
2.8269801352692183
2.842928585014831
2.806453532301158
2.7811019486923714
2.7791504366693256
2.7775178947813415
2.7847080882212385
2.72347224442725
2.754044693832171
2.8010282433520133
2.7337354118446453
2.7340672944724043
2.811570662504243
2.8132697822251784
2.736980709210653
2.811503878130091
2.7048015005578803
2.7948494682459213
2.758712495455498
2.790309921211163
2.745425663673083
2.7278510413706853
2.7189542749450246
2.704299449279145
2.7901084826112914
2.769114712893561
2.6932276977524707
2.780770800440387
2.792248351841669
2.738332263193112
2.710425435871977
2.6982703911931734
2.6553762795090115
2.712749355504855
2.7573363530294284
2.731679959914264
2.7327623358030797
5.523339364702087
5.714971605884
4.854654675500798
4.50751737456912
4.37009666050104
3.7749865933508
3.439180037542399
3.431510411310528
3.450469702252795
3.1390926707995237
3.0464615246447653
3.0517693783850453
3.0911618184049052
2.950112740047109
2.8812751668295853
2.9165487932718084
2.8847716342229104
2.888978434893594
2.8229782957275646
2.8986070279565435
3.1090200041691327
2.8154731534374773
2.9414619595352383
3.0947163853513873
2.9125688006975663
2.881033168822164
2.7717242111152287
2.85784814257904
2.8440819964353317
2.7558739003934996
2.752663505928097
2.8032118276925115
2.6916896046106653
2.8881208514928285
2.876390639783155
2.9012034978110517
2.70352058106279
3.066026330716285
2.911362398713501
2.8808637838304816
2.892100467722409
2.961290169161893
2.717416579205667
2.910170669242301
2.9818676431230355
2.9502352287026814
2.8854585293674373
3.010187202278354
2.8881016528846533
2.9266444929685
3.098623460226834
2.8250800375192724
2.792106755451249
2.923910315151225
2.910479526446891
2.906084399455904
2.727576542357387
2.83053723860904
2.7795807404367388
2.9421178547078304
3.021238493721912
2.8231509334049454
2.8111638142651865
2.7039910960616247
2.817282212647696
2.90380765330646
2.6809827045044856
2.9871851360735477
2.880598020776228
2.765724054319627
2.753362615058277
2.775091509304116
2.7621977291782276
2.784824294695744
2.7707647591459543
2.584100303202572
2.913627984254421
2.832867230291681
2.739741585976069
2.8537470496052886
3.0999295700677565
3.00011230245404
2.859072370203622
2.8909442306709785
2.756908021874835
2.7332247315974487
2.9100653640396192
2.646371111841324
2.846657298883285
3.1316924213668393
2.8804106545035695
2.82437480464027
2.970964106065301
2.8069947662393364
2.934587887263348
2.7614513664852067
2.958486728511128
2.931862910315524
2.845123868980363
2.8138038738107434
2.874574760738308
2.856215651409716
2.7375844233705497
2.8330620137544003
2.8720286211940085
2.884009884421131
2.737852324701706
2.750108342696527
2.8498123240883855
2.930891586078471
2.827277222906968
2.9934404224065863
2.8364561477241774
2.8729540716974133
2.936667835064963
2.718624547114874
2.908726862723004
2.969701701049722
2.9263092688180197
2.849323890813679
2.8330209966892346
3.0381073654155606
2.8371538372045224
2.8650454929867237
2.7021893828144505
2.9222508366561057
2.9233426282680566
2.796920244754098
2.973119115139373
2.823160666710814
2.8794993835521447
2.7268574687994738
2.950985837648831
2.8015706285754414
3.1081669226328037
2.9848573579272273
2.8299389654368197
2.8344500831948274
2.808066726205156
2.9328559776762946
2.998693411111582
2.9407021806498004
2.9023884599983787
2.9282273244973727
2.8972691916210005
2.8372516944134167
2.8392172831732947
2.794385410497399
2.85035020309312
2.874517646892702
2.9120385405335276
2.958816381523901
2.9155671136513828
2.871374565860738
2.8078120639613786
2.8406256581981335
2.819346549132481
2.8587689675495342
2.916942677576877
2.8239417577541612
2.9105203840839438
2.767325749827104
2.8512959011297263
2.951933913224357
2.913483341185104
2.69540164971327
2.84800709848162
2.829740717617043
2.8987896656397476
3.020139478955081
2.8643811140832094
2.7015901582223996
2.841726722467528
2.855381603647407
2.745785359169507
2.8738200884260836
2.724893227196577
2.6913435496288405
2.7438811015041296
2.897240427152967
2.756088572928108
2.661532901062905
2.855189399674245
2.9729499367134515
2.725495019837945
2.8650003468689302
2.7539769095202904
2.741281426523077
2.7709046749080506
2.6014279374642175
2.689436153652775
2.6658599216827374
2.6361594659187144
2.5695419333984715
2.6245150188506337
2.6029893512173397
2.60404941838259
2.7086782698798357
2.5702390282248726
2.5741115250261966
2.6000658426167327
2.702280364371779
2.624549635252796
2.552096006472881
2.879274865210072
2.7493249448773396
2.5947436851250423
2.634082101546195
2.577474451670989
2.625476600942747
2.7708864851245174
2.6172563766895274
2.52861019380374
2.660486660030671
2.7346486347853753
2.5268649031777213
2.6821987163039926
2.617048030340425
2.6588435299862394
2.661445516275639
2.504614666406635
2.5719300303115618
2.5948618850538914
2.530820935077436
2.4659134184202083
2.649477096267383
2.6919505320994452
2.575427725506449
2.606149874310059
2.5194566919329735
2.576640071240945
2.6313559912693023
2.6289929486362427
2.5363344027962107
2.5244758249225856
2.4386355868158827
2.480361928386814
2.5676839608948536
2.5764174229702066
2.385800935450566
2.6415374345515903
2.6552815559117695
2.4086830261422287
2.392660081690752
2.436954200740086
2.4296544396737136
2.5139877074645143
2.550430709809986
2.500316470820483
2.521461341561126
5.51360310939872
5.65986598658412
4.704834327763629
4.370864185601548
4.220109707651371
3.515143918344512
3.296931208823901
3.1858942094906695
3.275443788756561
2.904055791292956
2.8412275509081373
2.824110289672982
2.9743338893584452
2.763807894685524
2.6850535840059435
2.7344249215288174
2.7113063249205362
2.621531083627955
2.587619291250683
2.7018890099432
2.8396083507599235
2.557517745419042
2.6596167488774105
2.9711741550573736
2.7637323164024385
2.7148271800186254
2.55344606842138
2.7019009895804844
2.6569813653832215
2.614029064579412
2.5603840998683034
2.5203016666783506
2.402728446883198
2.6232793898981557
2.5748867243404994
2.697512970686144
2.5351786398512752
2.879512912524702
2.7205330752047887
2.7251065643564365
2.724286027304423
2.8239610169512117
2.5408057335027787
2.726171200833346
2.821458676678295
2.733924372671411
2.7509192481878872
2.8816752385099313
2.700610432365551
2.814329372909899
3.0043210537464144
2.639936486195334
2.666285232002421
2.690710481196099
2.775679170999358
2.5941992303724137
2.550274414663927
2.677085871708285
2.546556372078363
2.8201026458156244
2.8424324607946625
2.6751779575491854
2.51938409154929
2.508825583843359
2.6415585519480316
2.7165024580744768
2.471382928256216
2.70860895889914
2.600690951166832
2.587710650713444
2.5951039630419377
2.53454750110615
2.621454516780076
2.5481105179235803
2.5982228265343683
2.276071048820814
2.749659122696728
2.614296324112094
2.460492511750013
2.692210615357225
2.8962166974992214
2.833791207097042
2.591123268127073
2.7487005663323045
2.504417198944644
2.5193429436819734
2.6586845834087374
2.36180230763549
2.714149070666848
2.928092855345922
2.6892628375632817
2.5794876700008094
2.768630317175745
2.601884615568039
2.7507312512278324
2.5062529080864038
2.7908317734730055
2.6188901147959953
2.624259423709885
2.5591206197454874
2.7168817920570114
2.762106392436821
2.5725139475292815
2.68372031598714
2.6590715908323967
2.6714760148127525
2.4303277694880876
2.4890490912730097
2.6076537179225694
2.771223429222694
2.523835128661603
2.8957179862472193
2.5212600979179514
2.549307586036558
2.813107626579222
2.383127014726474
2.6532578628896197
2.672680121889478
2.788447354380345
2.717927386050333
2.5488210809518743
2.8570008311621056
2.592828155464442
2.658839780593591
2.3692132179835865
2.611774542388849
2.7623653879818577
2.491327539975995
2.6545635100680625
2.652279062602676
2.546133608079605
2.5186514906594755
2.7675569521930763
2.4635130163069996
2.8698223237046783
2.748618646146166
2.4837001236365612
2.48127767044357
2.4410760038503407
2.65598979347749
2.6148275023937013
2.8326080424360356
2.729300766564847
2.7451598289873247
2.6407816117757776
2.649414712337213
2.524403783891752
2.5537446967868735
2.653634437606865
2.6534621620319125
2.781233027250112
2.6812273934049955
2.7353176649448137
2.4341317634295554
2.456288034373187
2.488214157654033
2.39828069170258
2.616107060760874
2.557015181507863
2.4103437132616405
2.6592207145695093
2.537862895811729
2.5436524381825523
2.805318288113053
2.7004715668975794
2.4912209162529377
2.7283123652567762
2.449107693596795
2.6121304400761303
2.9029047095482308
2.619364560577654
2.4152388976197776
2.673827407251058
2.5285389055362435
2.511718621212848
2.6294292215018107
2.2940270080688667
2.2638043194336444
2.5181326550223817
2.5933789661752957
2.3402985569885923
2.349005935824804
2.640143791439725
2.844356689698484
2.429105407483816
2.5681267349734513
2.423275270481861
2.4764933008958727
2.299971421186201
2.162347127991014
2.4028470780466042
2.3480493862466596
2.4255699285285415
2.2112002790376906
2.33673220034919
2.1277378879668376
2.2640646198512906
2.5388195973189203
2.2871115514110136
2.1801266343829853
2.4045728211814317
2.4131692197891064
2.3561566517723036
2.1511502630905097
2.6690388027113965
2.4921613242724368
2.253664613085452
2.3040087168359205
2.3339500048921518
2.2962585006787415
2.6416512322480843
2.321985757787334
2.217277749148721
2.3451485319492855
2.514841489324084
2.0420637838168862
2.4455694827232124
2.3914343468566575
2.52819357679855
2.391124145095841
2.23921185315024
2.3019322346880027
2.2634203035345033
2.2836791234926483
2.093531410344377
2.362571022765931
2.492980272258951
2.439454438335058
2.2941033387766914
2.176675859465203
2.1907025557028166
2.5167873237063554
2.381695373700562
2.292689387961401
2.226198195105143
2.0828123856752647
2.1813703377437053
2.2148021344150974
2.3148042969144615
1.969053090568343
2.5260905666203164
2.4499026817658236
2.046582494873526
2.064521546274902
2.142585041112583
2.148179560153888
2.2334847024828317
2.2301224631910084
2.2057103288634123
2.252344427840456
5.108021225621904
5.343469139475313
4.388943350807206
4.131998701184649
3.971100279254667
3.209818019552244
3.1567818519353215
2.9506288994043723
3.055938536732513
2.655445274373056
2.6603266365368996
2.652845910135876
2.9136698970326815
2.6035709059704772
2.566405283882608
2.690053808646385
2.582572292062853
2.4225535852973987
2.394790197076909
2.531286165041595
2.663499943733877
2.385087980632821
2.4399183810104845
2.894238373532378
2.6295238168943142
2.5957363486564238
2.4277182375735733
2.5882056533290942
2.556282439573331
2.4127777648236663
2.3635237326065957
2.238025883334606
2.169766001668988
2.4118182686838705
2.32908185024376
2.525495601311614
2.4485467454764605
2.7328302213802558
2.60488509771492
2.5986285574728503
2.5964399799777964
2.6497129193522686
2.394654085346744
2.6427375726852795
2.6380520797938307
2.5458326407006653
2.60439793914811
2.6944873812401564
2.5615120230845974
2.6819749440340073
2.8226203918550827
2.40885076839935
2.5522764055105904
2.4294904114934175
2.588433864863069
2.3670984327540663
2.4130065947248736
2.5874781370653803
2.3599576934277535
2.6748388159403294
2.684227427104048
2.573755441859946
2.3279377497431475
2.338819284392036
2.4850633600530707
2.550706373927564
2.290638877903903
2.5025473350069336
2.369292283444755
2.4537917004800525
2.4939202968302285
2.336137416574493
2.425379049140433
2.2897585798283475
2.493118550850511
2.0773465283638908
2.619071204696189
2.4734614729053144
2.2707181181952354
2.525705409229545
2.777597543600441
2.634622963472797
2.3380222547948697
2.6563211287311796
2.3050891269597584
2.3604885319808044
2.492571419657476
2.1831184408790176
2.6410856194424275
2.7839309227631923
2.608392544064783
2.4151291095341105
2.5631754088544656
2.451814508098072
2.564050369374139
2.2725767125113516
2.581779962560441
2.330158457302107
2.3847922895558695
2.3432882676532563
2.5941236800119998
2.6328748219622677
2.471143890876706
2.5021960843934767
2.4769200344905937
2.4994561496377234
2.3200239694179707
2.316220565865415
2.4607378466670666
2.6245189090663614
2.3161314341927497
2.7657270939298275
2.2887359523199993
2.365846571063673
2.7288340002124754
2.213312883322133
2.5019447745966787
2.5441299204039103
2.633027268014915
2.578239464382595
2.3463090060208356
2.6923869367152236
2.4159919581782114
2.46403978829001
2.11253347625404
2.3894083155991144
2.6863883094531333
2.1906605722183174
2.479844420177524
2.521685154319515
2.249732100464392
2.443283871597173
2.612686933143248
2.225541160926995
2.672495735902109
2.5673965476020544
2.200212083626624
2.2928546247022403
2.283720570181342
2.4945997715847543
2.3037072977167123
2.7513927358744903
2.600576596038861
2.5701072588600082
2.485811388240354
2.4530432451815507
2.2310040273195
2.3329118354880203
2.4890428410203898
2.513200446960326
2.5913031619745777
2.4268027378634476
2.6052680147244764
2.1781511661683286
2.1867984130553033
2.236008753675574
2.130133506879854
2.4361405687912367
2.334115947116131
2.1645515824216055
2.424566278755369
2.4795324158655414
2.3641738694041066
2.5838775868491477
2.492290247132503
2.3569418555893598
2.601314927588656
2.2683144136889553
2.4516118115858303
2.789210072927347
2.476276964549946
2.287717909832281
2.529485924934209
2.2696006319594635
2.3852427497198203
2.547031286619178
2.015929003617091
2.05603295446945
2.345097620705574
2.405519340845173
2.170672977831285
2.177520929517443
2.5133278409166238
2.754066584252332
2.3047801270051362
2.333689968908748
2.294171267947316
2.3692618197048176
1.9496310461496726
1.9683850035923973
2.319555502945652
2.2049230962328648
2.343313278104974
2.0571131106412226
2.167564928485715
1.9337551006203872
2.0828598719960327
2.4531507590460198
2.1415906703335725
2.0035950526331705
2.348495118061967
2.291176482519125
2.2310925433446567
1.9829887849909718
2.450796541279637
2.326630456683813
2.071612426017026
2.1120138025926107
2.203447111910018
2.0268830703969463
2.509278225211292
2.1229510088968904
2.1493501737550824
2.196520195729058
2.368900209391542
1.7280315013082377
2.301465741977963
2.3205640592362213
2.43765984717704
2.222645185144929
2.1449786286804526
2.1867149250127054
2.0583002164692052
2.148868716660038
1.9552852183193172
2.19688381798375
2.3241794914254332
2.3699111820754752
2.147861606862046
1.9727739229342414
1.9807668162136396
2.464841076605558
2.2453615633656523
2.190031892980589
2.0284135109084374
1.907028499812814
1.9693785439351963
2.016135772051871
2.1927570935560605
1.7498780409828008
2.466201337739492
2.275786204686201
1.8255441756157555
1.9606426157689754
1.9791825233741407
1.9794721494520628
2.0299206002469194
2.0967681909343674
2.011324488200626
2.1432284945653826
4.560960888247802
4.876656767186674
3.9983368467376463
3.8622914366648216
3.6493088745887237
2.981569848691661
2.981349053101282
2.7727388511802165
2.9448339253423366
2.506797175922529
2.577366003593795
2.5570286212204136
2.8193309437944136
2.551665104961065
2.530082575719175
2.598299635478443
2.452121434917111
2.251919531173775
2.3339083110915944
2.4220323360362856
2.551350150031335
2.2789833322157307
2.284740924936581
2.799488608976079
2.475245457551731
2.481077016960548
2.3177018741428377
2.5726434679141077
2.379522698088147
2.285245592238011
2.2544180125875006
2.077486621284544
2.050502617403077
2.214449102509176
2.20653347694587
2.423230757697182
2.367609247322192
2.6411325084249544
2.549861982440783
2.425478110889329
2.4956523919036555
2.5416476903507212
2.2708703624277287
2.6058369616027592
2.5022675489534283
2.403820902615863
2.451923349096305
2.542872070869936
2.4127911405093867
2.5633871713676357
2.5912566173722973
2.264195243546411
2.4092607260587
2.275574876467906
2.4612980558376685
2.223274953419647
2.322699556270711
2.4457845309706703
2.2332274648808528
2.5022257573875253
2.5285341044879415
2.4685178327341197
2.177272452915193
2.186775700387846
2.3635331755788695
2.3618663667264226
2.13530265759931
2.318433365216744
2.1969419790100444
2.3641238872295895
2.383249872558287
2.1558358261584205
2.2667740588179233
2.135660226682909
2.400631014108536
1.931820151506075
2.4897923328085714
2.359953315626431
2.110640209293345
2.3783948699990285
2.63831308347353
2.434709674368837
2.1469879889309533
2.601529670663908
2.1756317156287595
2.2361226042142874
2.3903229432364586
2.0624129693569664
2.594055837303712
2.633965205072542
2.501217987940879
2.293069370045536
2.4440351236762785
2.2903153549628343
2.40529478484187
2.14940350115178
2.4329017746256683
2.1167511318334244
2.2057534331218673
2.2337853617779215
2.5671946370773924
2.513923530529245
2.3909632928147078
2.357803665037703
2.2807495875333688
2.3892008236390625
2.2233279275261886
2.2224106622319604
2.2865709210670673
2.5129431969126395
2.1032571754255183
2.6873497429627387
2.1220093953342665
2.2600298856909813
2.63758808226242
2.0721389630322955
2.3884717625547536
2.465110328766787
2.4683161057103917
2.4273267939850682
2.206435330809726
2.60278007061116
2.2359299463139695
2.3146103573634833
1.9967792848130004
2.2829685879283073
2.5608367345823018
2.0191879310462104
2.3521657420650803
2.3903492897113576
2.0424504206352507
2.3539618863499947
2.4545036191226974
2.0163020724589598
2.5538262478950973
2.4227004244084296
2.0092248356423132
2.183465991879683
2.1193962255547816
2.3087273768895313
2.072985667782769
2.568102466694529
2.459450302678987
2.4020133773908268
2.3121198940759604
2.2347196366388067
2.0514554689692606
2.1946914205277746
2.331871154732577
2.3973126990991784
2.453003349025269
2.2225297093809258
2.5289795068441028
2.0085146577034747
2.0200372536069997
2.112534786583018
1.955046019285984
2.3138907018847408
2.2345403488898126
1.9881093072620262
2.287681881337568
2.332928867894187
2.2331126146055764
2.383518806336028
2.323807182371552
2.214815067208107
2.4734798276417536
2.1030274640170634
2.3830794880496167
2.676051752883013
2.2479005564705146
2.1377881586258067
2.323507313685399
2.082723545256689
2.2612258095848747
2.387388197042248
1.855421510254771
1.9642811420676343
2.1838067955299794
2.188843619251418
1.9938169873991387
2.019621725182444
2.2996245284134225
2.6280474360513186
2.1000622675319813
2.0848175556515476
2.151943788428642
2.1672160724226206
1.6650084005139472
1.7676754800007408
2.1432470687969825
2.0185169091602253
2.182895224124156
1.8489758227835844
1.8699392598450966
1.7581544437181933
1.8630739281425175
2.2405111932493647
1.9324283468506132
1.7632225618558839
2.161297090698306
2.063774186722866
2.0111360177869915
1.762782794672787
2.218093145405604
2.0900315466653816
1.7968209128673207
1.8955345898587224
1.9335880580340508
1.8191729710959326
2.30695473114203
1.8571368241170485
2.0273306862090075
2.082699103593033
2.1722849238673336
1.4580614618359655
2.173834743564264
2.2865606692129883
2.1587917819665337
1.9903155954237486
1.986266638972138
2.094132101234123
1.8191892525264914
1.9986611560698375
1.8059993330294244
1.9713477106435966
2.0791726962806303
2.2514645678677616
2.0076153393535665
1.7444775479768226
1.8261722131375533
2.2811390686173123
2.164700214791405
2.1307687294196485
1.8945964051302773
1.711672739908083
1.712876758664424
1.8101636956356817
2.0859983211076725
1.5970766589145489
2.1748274823531104
2.066134756071552
1.6289484273358015
1.7877902220854092
1.7699158073676122
1.8155802161391734
1.8320408323457416
1.9636595890941795
1.8320756556115958
2.1063506136330967
4.298676386416702
4.390541200007723
3.578566650642736
3.464910952503708
3.1919012440012806
2.7018493103353594
2.8343308614473712
2.489558647786853
2.68097277955273
2.374519470173246
2.417156661043117
2.3397752326566694
2.4839996488923157
2.289089741487987
2.328854216416815
2.4135306441043625
2.2682252489955244
2.075480288653486
2.1001712758979205
2.1145151343093493
2.330546649108317
2.20959049940782
1.9032272700160195
2.6407390790538825
2.206736940395921
2.392130266739301
2.1933661275701586
2.523895793526518
2.1412149665424685
2.205413172124292
2.029056467287344
1.8176707776162693
1.8348407501349313
1.9474560850909612
1.9679492279188138
2.2471306583929516
2.1674529118974366
2.5426962803420743
2.5396506410272495
2.2945099920348913
2.222561525461175
2.4551121891934864
2.162144761065889
2.4529530635116448
2.4295964484860892
2.310704538080739
2.3275685073082664
2.3886766496432195
2.2112400796483924
2.408205045884346
2.3373010061905872
2.0954784810624068
2.2018112027138907
2.203823681596651
2.281292550176043
2.0344835668702754
2.2347749053073853
2.136302466300756
2.030548380888708
2.215608066390948
2.2912436282335777
2.1889469767175944
2.181473024584326
2.1228000860135423
2.257309627559336
2.110519009380625
1.9924233983099822
2.26919309834682
2.0607458049985317
2.1697981342184254
2.222377695594735
2.0228376946046422
2.1702589633099154
1.9366571260698704
2.4084386354622906
1.753174348964829
2.417789960791465
2.2838411315044334
1.9301865999547712
2.29115227919999
2.439770422807135
2.337400664359117
1.9855315984368185
2.529954215743136
1.971801336922782
2.049312284192312
2.2690785659102075
1.8883767446700612
2.3178589942117114
2.3585201688996706
2.305925056566742
2.2203035054223426
2.3271191122734622
2.1940725003152437
2.239818822439292
2.0384954317751323
2.1541951019975247
1.8669710195855247
2.0146585960533474
1.9893163842733044
2.4314542715937835
2.406875809443476
2.251686802866517
2.2155212045924726
2.1219515364954655
2.3705462214876216
2.0834064004589807
2.072549406918348
2.1643528216108012
2.3658161943097133
1.8444184731876263
2.498424777909497
1.8452687200006304
2.0010945750850326
2.340871498545631
1.9235970415330284
2.1263085641513833
2.332721697895294
2.3040272866986817
2.501831640926883
2.1771031887125236
2.5018573772446517
2.1180249113699197
2.147951341510074
1.9485323989862138
2.080822195724792
2.3914155213463624
1.9020370579005421
2.152511409427857
2.183369719588344
1.9091469064504392
2.132507786186794
2.1623574561785994
1.8235772996253923
2.4158717833382255
2.387181737507037
1.8906318581944106
2.1455483150854335
1.8920889240347862
1.976249714657731
1.876811033050917
2.3163965886048477
2.2073855376402065
2.2478891491021766
2.1258575429584243
1.8718044462720154
1.9010376731145295
1.9720392503109168
2.061152896250987
2.1486635201134088
2.2110535452429785
1.9015738197269838
2.5144765509058624
1.6908221883032983
1.8636761991047772
2.0352052685954347
1.71348944249168
2.1496326092728264
2.1549513036510226
1.7894198557296275
2.1285082403899587
2.0416512306387227
2.1502319720603524
2.1280445271963653
2.077333126384761
1.880221212567019
2.2224426922024705
2.0251786570303
2.1195944526330863
2.451600543785583
1.9987274674210216
2.2202532667568677
2.3157704549570934
2.013213728217323
2.0723841529994873
2.1757698767683076
1.577270993518955
1.9715360677526257
1.9752767539912468
1.9331035932571934
1.8858423222483895
1.860099998999488
2.10936178647047
2.3964503675570805
1.809996985302272
1.8672195956973507
1.8708308605675417
1.985543137008653
1.4807520135720893
1.6158249436955618
1.915860516001997
1.8758379063867126
1.8934029507053465
1.5048214154795774
1.6419365896602987
1.7297123652122275
1.8378479703208357
2.0696844733764883
1.7003445063515732
1.5662684252286203
2.0711683681421413
1.7265123108788882
1.8014365157967267
1.5616157793593113
2.093968171552995
1.9086350384119555
1.5135923783965122
1.683288760564782
1.7186344153369548
1.7409690514654592
2.01034336311632
1.6474637822207945
2.025425067409645
1.8484816538442028
2.001296085941695
1.3014831922859194
2.4108771448911464
2.6245100526840477
2.2867463476487506
1.8882900351233967
1.911284581616042
1.9886308922459661
1.6799938716882579
1.868972081065247
1.6555668180589609
1.8230407789813612
1.984113375883858
2.1223008299455874
1.8321248884439223
1.5964706314034247
1.6346447605358247
2.0790987676729924
2.1630792770387903
2.0436654838435904
1.7900208217114941
1.633652088947997
1.5357264305695504
1.6732850633750325
1.9155508871046396
1.4132930440586084
2.039513199269289
1.991337658926442
1.4917980308145544
1.6708399526627928
1.6248504402993487
1.7264805881274372
1.685311831476994
1.894118773395295
1.8035729404493934
2.0792412117024828
4.32794996583659
3.7647192887363414
2.695801189557383
2.3613427563590523
2.1868272548786254
1.8621067698456628
2.7983851170749965
2.141839219159594
2.2410139068006516
1.9833496421878711
2.1131440305316183
1.9913550953223516
2.0901054448885468
2.01126116851833
2.369024025808344
2.334831563813501
1.9953372004779282
2.0504841037586345
2.021664623650255
2.185519228890738
2.2791140500032347
2.068172082699021
1.8148617400353504
2.4257158816552953
2.117884775963343
2.2467876882189364
2.022821867243322
2.472754010025498
2.109668764575475
1.9799088383313799
2.041999899957326
1.7556131180581072
1.7179589352084736
1.874814763087538
1.897283742481561
2.168172716803193
2.048385752689391
2.401484581138836
2.4853201198672887
2.161426616717954
2.1972377876614697
2.3782480825969836
2.0330622095562094
2.3316845233962433
2.324836207932348
2.2773875118966886
2.121731791241199
2.3585657979509245
2.0881048016565558
2.257096960402928
2.1747797701248848
2.0222378311087987
2.1659165717089754
2.1795682498362496
2.1560435116564514
1.9528360750462626
2.1127662670657714
2.0572803277457377
1.9873703452835563
2.038142093070015
2.218091091058041
2.5125202469522763
2.1856028261618867
2.054335931011555
2.136195739813154
2.0637500291513633
1.954884481043508
2.001202957964707
1.9427300974895854
2.256751407541655
2.1786850315344504
1.9127807988802827
2.1350644116173525
1.9606294410885199
2.338546522498541
1.739438583855541
2.222388221845658
2.144968572889767
1.8514984676159856
2.2408600487971055
2.4049774784107254
2.2421507120756967
1.8401548817127134
2.436639643868286
1.9873329616276214
1.957407407252506
2.1916668388434086
1.7857747350081994
2.295705619309149
2.2594472192447097
2.3387298589090215
2.1253832646969313
2.3360960840581906
2.0431249747804787
2.288212952266963
2.0584127208853515
2.156962146330225
1.6684898804733275
1.9447632421732486
2.0233613501277885
2.2805387565717754
2.266691597561083
2.151065455154038
2.1656068333892295
2.015310272096907
2.2705844087074554
2.0494702888809555
1.9960518051452556
2.0720450528621908
2.2772962274034723
1.6843172735654546
2.402562416700115
1.72128550341376
2.0466732310119915
2.274833886570188
1.9033020908770595
2.0938147049076474
2.342314605686754
2.16288811842567
2.2010497871043206
1.9427585853545848
2.478521450766552
2.011517789083115
1.9517007329928104
1.7996468891757333
2.0106304178270675
2.1878604457275577
1.799775484148967
2.0883688809679084
2.0265416961468627
1.8489003362110354
1.9764469243494134
1.978311320208942
1.7174910985038794
2.352007542673251
2.121043684805274
1.7581318865663096
2.041400079511189
1.7894817265045728
1.9100157387114383
1.7580747970647421
2.1899580958976252
2.096216552189919
2.1038377613693244
2.005075769591554
1.7992918168796146
1.7711277657289055
1.9741306582273366
1.9255835571955637
2.0937136401173757
2.159205035495043
1.7601347114945702
2.2660921105130134
1.5369068890365956
1.6473874911368103
1.9686464583340693
1.5548398951320335
2.0238425314039663
2.0186350646902373
1.660602616382721
2.052294459689757
1.9116274047622817
2.109662982478893
1.9757222889021975
1.9359532896100156
1.7550336846422094
2.501865113553006
2.409822851454364
2.253052791095708
2.4184494201025317
1.945308621717091
1.9319078355163237
2.0803766107380532
1.937499056267738
2.0120325300346975
2.1173826587242757
1.5386933692610667
1.9017410778403632
2.0658545710586362
1.894093234779636
1.8274527277810335
1.8447048730669138
2.0709564074432056
2.3107960022878946
1.847786325056535
1.8322758454924224
1.9541241793513635
1.9649930238634599
1.4794669562137495
1.5804919097899615
1.9221157992139757
1.8162351341291005
1.8614915339743876
1.5637045268474976
1.669510125636972
1.6623830201427074
1.521397858083789
2.0774912325066173
1.6943233718365152
1.5993869674567438
1.8744731889885193
1.8230317542195271
1.7637055518602522
1.5838657864799717
2.144303785822452
1.8572217164219087
1.5027848117115485
1.702739193312045
1.6636154288632687
1.5318260655492508
1.9979663542003925
1.6385999459769012
2.0289425450728618
1.770673815623344
1.8222546251092817
1.2084728484618141
2.1629910473375586
2.1580886197927094
1.982870091775946
1.8516345182301928
1.7951875538941706
1.9008219289282569
1.6143882045065872
1.795343812984006
1.638519150669046
1.7719029827315202
1.9368191729311313
2.008383741854887
1.8063207901504308
1.4898040120670566
1.6037716724384028
1.978099742063972
2.1928139671086115
1.9528750143570341
1.6974213174397736
1.5669781177509143
1.4560422902161196
1.5802225820382079
1.7894433330250001
1.3005664947975974
1.9843492896910104
1.9132981579154187
1.4194007837733276
1.627384339512141
1.5538111952983933
1.614247914336523
1.5047705658993242
1.953308945510894
1.947146080807925
1.915462903549747
3.608005757686603
3.8931310467573463
3.1657680447953065
3.218751054133724
3.128617415623363
2.2860986368390956
2.7267517556732717
2.3498117462118038
2.706823061216725
2.278265210467356
2.446627039750746
2.3226891952311033
2.572095080288999
2.30559716670943
2.2971823994357523
2.3525689895577413
2.0538383856573126
1.9447817372967315
1.9025921463728468
2.092662569048839
2.140250739667591
2.0217750040687905
1.812358397298867
2.372930510598831
2.083297771396313
2.1233949724121213
1.9756496995818589
2.4179044619539924
2.0796988502622447
2.121123113515533
1.8742746102732928
1.528028029869323
1.6960166377469397
1.6037920150603113
1.756267643004114
1.9762033131232852
1.8524297119109718
2.4849384415730316
2.513445602193833
1.9541738588469941
2.0383358708197545
2.2493247295328773
1.8759752554456537
2.1172106037834477
2.2602591076796323
2.278777183330486
1.9943484370069915
2.4496637933988663
1.94989115929929
2.167294044511922
2.103132691251206
1.9331563707119253
2.0849093084273105
2.22752658256133
2.147909307844258
1.9811901249191974
2.0350739218845253
2.0290102758042012
1.9119551240853114
1.8597115323241376
2.3236033551791615
2.269616965759586
1.9714846783291835
2.0604515326290587
2.1329778879798478
1.9141386175129784
1.904652195304722
1.8985306399717634
1.8343184601907458
2.0636386460174476
2.0592360377966368
1.8254089085833674
2.0303883974186077
1.780356044116293
2.262479340191334
1.5851668675384238
2.0768905013210084
1.9287986520492753
1.7163331030583173
2.066384972161396
2.130057803172506
2.218445926263934
1.85713615137692
2.215154826103857
1.8900551460435504
1.9585093419248496
1.983792717756584
1.592548864297337
2.028218822912538
2.0465674741747906
2.3740901442271785
2.92643423568676
2.409048832902726
2.194367067674892
2.1483723077883683
1.977618793593931
2.092978077348425
1.5701356305470577
1.8433115764002042
2.033252839278548
2.3120777961022823
2.2973780605318694
2.041555739984774
2.21705573666687
1.9329674860653112
2.1409828461736087
1.9715171971159995
2.1349095594412786
2.1668702906287067
2.199704104730665
1.6085434067313182
2.4365488776416715
1.7795111068561924
2.110085543320242
2.2167071455725615
1.7736513576671704
2.1621402783108854
2.3198410415995045
2.1198581880442915
2.164230255700555
1.8995085694085587
2.420046735485403
1.8842770982331778
2.008541211041543
1.7366395784787838
2.084946643695871
2.1446585725327667
1.785585589133884
2.0700010368384634
2.016326373206003
1.8300866356060743
2.018267734665586
2.049526768612347
1.7689881704308814
2.3842265339516815
2.2061663826474573
1.7148664920221643
2.041485704917177
1.7846037258073577
1.8997712936341176
1.7867793660577478
2.2103121402077823
2.138104641474336
2.046812383777185
1.9535197359518794
1.7087463778559295
1.684316985730985
1.9013330023548705
1.8279080208833305
2.1121902162958217
2.1350012860629364
1.6534138326809782
2.2101596504092447
1.5778514882380303
1.605422436357037
1.9065722959158244
1.6284412645485764
2.0219655052048573
2.061499392635653
1.6273501591714876
1.9273492069983467
1.7514658200046058
2.0709831259625378
2.05733061497886
1.8746685266153729
1.5273239756777865
1.97180462693558
1.6880304513239897
1.916999830224952
2.26867346011538
1.9252733161306192
1.981791303493169
2.0608008687539905
1.7965061479449271
1.9181287444738433
1.9484019562378716
1.7911302815416015
1.7671661207806821
1.766500885751495
1.7069973701107728
1.6794670823752926
1.8134144215499954
1.9541045733387699
2.0401694897758182
1.6570190830107865
1.6653638839087719
1.780251733506692
1.799765398937447
1.36630225795905
1.5241539484967777
1.9090339027437715
1.5959829546786182
1.7240559561803788
1.4218428014864866
1.6222600679331995
1.546143366639938
1.5082277029305435
2.0680711374736647
1.6608961187387157
1.4180464408450022
1.9149357866374797
1.828228416253989
1.7109473048315595
1.474927974366293
1.958934543932919
1.7160450468044532
1.425768138898606
1.6149175080876226
1.5925399749894464
1.3913407336363794
1.957147253114308
2.0999031607308702
2.058808800837455
1.8045108918549329
1.7540759907176915
1.1515932756221816
2.011528995814698
2.1730860974299486
1.8110354426178583
1.8258462707420666
1.7145741255299431
1.803515439203299
1.548324825966286
1.7289325176867723
1.515003388402486
1.6890459984337627
1.9044248672680126
1.8841110699721615
1.8169735536461735
1.565801170095879
1.7906138255045772
1.9210941970712827
2.2947786518967734
1.9099769816888221
1.6536751232763494
1.5279517277713761
1.427997485031515
1.550708826675662
1.7004244804214776
1.2464080092014242
2.041396269478104
1.8353161962367655
1.4101572477790845
1.6747296921667654
1.4217795455130813
1.61662583390337
1.5048710683597541
1.7813198447157295
1.6630293453416023
1.849802436367879
3.763060804920207
2.9506989425487538
2.3581014649248853
2.5179013794228626
2.096903583596187
2.0971550928250755
2.715412959261977
2.006182742957591
2.089862503817588
1.827745059293117
2.092658221646691
1.7302201365846546
2.210846027870706
1.8106833777864817
2.1639042205549357
2.250972390248929
1.8706882328461965
1.9864739495718642
1.6936059155358274
1.9985274206593213
2.0517058258877547
1.8367175740545665
1.7023167905874006
2.2101148378033493
2.0801193568536758
2.150916416330654
1.9586342598758273
2.488418178990391
2.071990233474069
1.8781307075184526
1.779071558665649
1.5395215452323694
1.5922754331065598
1.6683684234426919
1.622292430766049
1.9172411738865132
1.8016299146994086
2.4510507627176272
2.2086563322128576
1.7718253632659855
2.053307235390737
2.2621246665391412
1.7339697023343879
2.002373238535221
2.0205617012218346
2.600681984124122
1.9085647104115433
2.361588586232807
1.9244651899618237
2.0337702118540033
1.9868079655334534
1.9338229454552782
2.0005020296792657
1.9971197591366707
2.080646123030615
1.975912826709887
1.9431190930617652
2.002391294696946
1.9016662507967075
1.8056326872155133
2.373094254548014
2.2923445649854712
2.063541564084081
1.9078024020526632
1.9637305080685803
1.942748465956159
1.7489198753060717
1.9008658186782266
1.7567767504863245
2.0348361379415016
1.934804284192137
1.7233647956887173
2.0344691266914667
1.7319773218840748
2.2210400441591336
1.4549764105978786
2.013874432094163
1.9547501229536137
1.6304963582124101
2.016813750901679
2.065472279671871
2.0854632508542443
1.6976757499160156
2.075695658064627
1.878811487459489
1.9702178547508606
2.006289469297778
1.478101305977134
2.008980065563398
2.0290623236494953
2.1483656297958458
2.2261696492421588
2.1931558684425614
1.8300365440651922
2.002359254342339
1.9714398243012716
1.8924736326641456
1.4345175176932026
1.691963029239025
1.922174572469329
2.087068651338073
2.1675753868222896
1.9036644088237809
2.023411650168261
1.7689256313399166
1.925288199842281
1.79987719313054
1.9419027145764385
1.8633479456292954
2.0407843310979783
1.4570240568485877
2.2750617543658134
1.4762439297683343
1.8028271533181084
2.0374942759233736
1.8532361877756163
1.911990340716586
2.1589881665145283
2.0006534749625184
2.1051958616113264
1.7668947080478363
2.390947410888887
1.9208668110541323
1.8650206910471543
1.72619460562115
1.885576956333628
2.0681711866954826
1.7149528427726188
1.8853533498521438
1.7190012901603295
1.6907185476252762
1.87438269789946
1.7829334230956473
1.5993142549964725
2.170402405313801
1.8984618425538355
1.6911641748589694
1.8265912499260322
1.6988394644299776
1.7040187493671304
1.6882432227191688
1.9812796499314438
1.961921847860909
1.9278421697482822
1.9011785491921773
1.6025746745757956
1.695333951728051
1.8801137750102468
1.7469842697736697
1.8502999431673193
2.0034219895955605
1.4706117704743602
2.0060411617123743
1.4688548837452218
1.4684560139539446
1.7968543509533934
1.46628105878825
1.802944276197484
1.852706447981442
1.495411424585372
1.8947034363598103
1.7835848440202478
1.933995805932479
1.964142250808016
1.759901013808273
1.4475273794654673
1.9138846561348828
1.5939458251005398
1.7998378535194084
2.1111260377328813
1.6201564649141813
1.8272789244828451
1.928114885980764
1.808362130603017
1.880306305611942
1.987151155620866
1.338400210729246
1.5072354725030075
1.69423625388955
1.5782163784848837
1.630340635730441
1.7571274648106536
1.9998409906575252
2.0439255529592284
1.544129809133303
1.5276388447708629
1.7207075412898565
1.6817401906385632
1.3272352554867506
1.4889219242587555
1.779304292751206
1.4948752043146256
1.5364681100836641
1.3552709668851435
1.604866024514175
1.4388590539060069
1.5029305667618638
2.04204837077265
1.5389002723020184
1.2462347721740181
1.8852903238432688
1.6399031445595864
1.6858672202403815
1.2973909777747936
1.9968906678918532
1.5802368674435936
1.3889555341410027
1.6933868109264676
1.3613076833081583
1.3308180439856943
2.10277354945317
1.7110452516703376
1.8946459105868394
1.6082413757373688
1.5758096203415575
1.1200762516451785
1.953362798892579
2.0501688161298084
1.7412519997178288
1.9068303092744685
1.6782760755746078
1.709423294928462
1.4402011061603126
1.5855911843884096
1.437970440624078
1.5429832317034147
1.8716235703282815
1.7898342142050818
1.6445890927147242
1.4782933511751257
1.5849998694900909
1.7736533335092424
2.2257544723044864
1.8827452801487337
1.63951556363106
1.3683140447813011
1.3781828647798215
1.510627597483133
1.607351905406174
1.2369110495653302
1.942609731616441
1.7545449477687534
1.3124357458849576
1.5772953354583323
1.3755683948927369
1.7041426377649826
1.3862009742681405
1.8495074174720734
1.5682872360477484
1.8493543083272896
3.663731313594259
3.7631051885339697
2.795775963347355
2.692039206530428
2.4211892662357752
1.8097090459046545
2.496781755837514
2.1728958869931234
2.1498945932495577
1.7921380701611378
1.9668295784859127
1.6786759939078322
1.9341644503315953
1.8634224827893346
1.979958864439603
2.1473848075112
1.6549864228740585
1.7952733896101567
1.5663733900502648
2.021011754143994
2.7437447442875755
2.039250282330692
1.8314748968632943
2.258612612183446
2.3999378751253198
2.244330382871658
1.9154349818293082
2.3271464076190007
1.9094110182274695
1.9256370549492015
1.8540046701368624
1.5344791935710935
1.5916121910147698
1.682318649261737
1.6351693590500496
2.071792861440698
1.7723033976330558
2.2600227978841163
2.0681468638760094
1.8106366282309063
2.0372357110650605
2.240730264740079
1.672170074076813
2.0396264407232185
2.1942423578598436
3.092710622482191
1.916380903591503
2.621023453152974
1.871204096961121
2.05505897112146
2.1011482173252607
2.1259934120888007
2.032362878311731
2.073153030511233
2.0163436145145743
1.9718112022907675
2.060435118715223
2.0574236525906398
1.9554634303597658
1.9602843186811
2.212611607008305
2.099257250757603
1.7214842436884032
1.901487066338395
2.0634572013834007
1.910083453499565
1.7781994181354723
1.906834111184311
1.7567845764197327
2.0471260720873157
1.8303408847015519
1.7392927197086272
1.939135351282987
1.7180738031682867
2.1450515782456154
1.5076139655347425
2.0188361705776474
1.9714318933961286
1.5587150243026189
1.940359904258617
1.9512966821557194
1.969317163822609
1.7611580978568053
2.109874750795375
1.7135292489468268
2.0757321495547814
1.9400261547837134
1.4955666053003072
2.059447042995337
1.9628594920586773
1.935184664796945
1.8549989318460354
2.1946967263044233
1.9135580169800002
1.940390827164241
1.8228540775438578
1.800673013326997
1.367688458825511
1.6939373289770445
1.9128668549716743
2.0711414758301268
2.1266128286262345
1.8695623560920096
1.9410108299699942
1.7850126506879913
2.048583746852631
2.0615321632873167
2.134900562313396
1.7933791476908303
1.9477356312292775
1.4503363915319956
2.2603940813366816
1.5092379234193452
1.7702882502101793
1.9895592452703033
1.642258005989423
1.8167804145709008
2.0732250792740228
2.000510775537999
1.9963648224543895
1.6787409504128428
2.338018918367407
1.642804616940988
1.8149578346346613
1.57413649136682
1.8835553767951105
1.9851572697401807
1.598836408898956
1.8857891965580198
1.8862853854497963
1.5931214173201682
1.9640631970845128
1.6988161759789746
1.7040896319899348
2.0029399032556716
1.9079141481935218
1.6196189763081168
1.811610158823351
1.5776627577487992
1.5835399112170152
1.6449689784808184
2.038627783604678
1.8750426708982375
1.8525503519653572
1.8149625304180315
1.5220134378416013
1.6245499519623043
1.7490080333786568
1.6840165689077167
1.820429174541413
1.9589281404009686
1.430737830475453
1.9091987938718067
1.5302556686082804
1.404426724106709
1.7767874565031578
1.469950137547615
1.6802944339539325
1.7901637330783091
1.4009034116368169
1.8215242592256236
1.7760331022103266
2.072063481912589
1.9614525265947047
1.7800173878160692
1.4693595709685616
1.9276901017351897
1.4683850261086215
1.7451694101195652
2.1442931919932016
1.6451533885745544
1.7579066627599425
1.851124455737788
1.7079408828026967
1.8327480578293358
1.8666789157319403
1.293708546938961
1.4650097103083042
1.7563349028255708
1.5824129972472696
1.6147609916309988
1.8829536551873696
2.230229285974572
2.0481219746136237
1.639024515008038
1.527479427915873
1.7081198862186961
1.6063527058638558
1.2883649670790367
1.4436826707470496
1.8210508256577356
1.6008513750988342
1.6087568332551547
1.4049960725828112
1.6188721621350797
1.4401375339503728
1.5192595724358464
1.9554925205867402
1.4978484988759024
1.2817581679260175
1.8656668406845278
1.5823667925998874
1.6093568035568286
1.2525793589591399
1.8705023801289373
1.559867483100856
1.318212611067565
1.6589245414298162
1.5365639720451298
1.2202161119467467
1.87786879385843
1.5686878039262162
1.9294444501385442
1.6186142483076524
1.52481761593695
0.9916897587417025
1.863191459046502
1.9506619144491948
1.6515143358196684
2.1028928033651417
1.7360703813718563
1.6136310153626607
1.3895440202778337
1.5328318337130962
1.360798145252248
1.519596193081767
1.7790326489890045
1.7632473378407263
1.6570483707017287
1.4836277343439002
1.6510849352171315
1.7776535600468892
2.2191818190271553
1.9436974907832854
1.6117950468553985
1.390384517516417
1.3453041752531403
1.5010507974911314
1.5925396621791637
1.1945342581974832
1.9840011907395958
1.7343818203524999
1.3012151403981405
1.5918900908493099
1.3515130065427052
1.619723590969684
1.3563388762145934
1.6767156229968585
1.4692588026878646
1.7288139603154151
3.273586642946435
3.1268411059584054
2.424750485812637
2.474960792744035
2.281028740764589
1.8283750779333172
2.4387918782855253
2.011802295467713
1.8958760337294975
1.570850409477386
1.9383075718055829
1.7155126591769752
2.024865314298674
1.8313926018150168
2.0844930623591513
2.2048919725826055
1.6777332217952443
1.779280042295169
1.6324808586959514
1.6823019240444796
1.9289073574001052
1.6389367771921062
1.4716054387983484
2.0062088974978582
1.8375779459251065
1.9925761780475655
1.7053131289985288
2.1662932517917874
1.8698793412328665
1.7302937858811842
1.5822135122907566
1.2059314113873891
1.4680134441366894
1.5749203446652713
1.4605002293575957
1.8323811558374863
1.7851480271592357
2.563562703526502
2.7219130660503734
2.5579638589914033
2.403890278665307
2.7482187898235293
1.960513292702677
2.244809425507959
2.084714998811629
2.3011767657621043
2.036071564507094
2.3450068232163708
1.9210653626085492
2.1537317809926004
2.1965545377812137
2.0316953307877483
2.0687189846360807
2.026757941698121
2.0050713187343483
1.9356852947847385
2.0630239544781417
1.9745158680484138
1.8539705542633196
1.9754902286360283
2.3325347188686343
1.9170436458290425
1.8676778400535659
1.7949152021343953
2.0622764294220586
2.3613696015218486
1.6744896486496161
2.311570925297205
1.7489555451450836
2.1050782879559593
2.0081682965088716
2.0076588293534354
2.031132920286696
1.8825618509192419
2.2743264808436696
1.5746700082792997
2.006299191371704
1.9917088099014069
1.8109916023459403
2.082549455749886
2.024243843343615
2.111542819231506
1.8260965590918963
2.0025014815872297
1.7989288732576054
1.9534113463574057
1.93029096739232
1.4761020866562082
2.070358500469954
2.0125137431460325
2.130688173915834
2.008843438892071
2.03614679151954
1.838446736269887
1.8506400968145909
1.716492979148655
1.8949049403525684
1.4582713720318785
1.7008496210286848
1.8750416594046304
2.0492800372168194
2.191297319461507
1.931807909909752
1.9288875285651124
1.7654319677330097
1.9746918145078218
1.723133709531101
1.964628611138001
1.7317590167940327
1.874397079814384
1.4381762395697943
2.4021803708047313
1.4692453245472563
1.7248096134408821
1.894346506675029
1.5495393985390309
1.842597045394333
2.1427904079976816
2.0089433279017532
2.020109765202616
1.6460511766426158
2.3096994897234118
1.7564924353205318
1.8353253190763772
1.6311767664559365
1.9346464437911404
1.9619737806931532
1.651214711431082
1.8913617576242792
1.738161183704614
1.564082507375444
1.8375647656567948
1.7995532153387548
1.5672166486304808
2.098435412739995
1.9036037715020164
1.6993813995513976
1.7452378619727056
1.6285755000778022
1.7064975200822459
1.6086494732338796
2.0144812067539
1.881826806159568
1.9881380123171835
1.817141098109876
1.5974068246601225
1.503505727635626
1.9487965863364072
1.9948932812228677
1.925900603517803
2.0068390835080923
1.4545168974492446
1.967414109545106
1.5352039192618299
1.4363299073466624
1.5627691168771483
1.5871746672198275
1.724052911976982
1.870986930006389
1.5055911986700155
1.7696908024452351
1.8308739233561306
1.7528813433958428
1.867876184645091
1.703272618000722
1.5021388537509819
1.8956627742029717
1.4456817615314062
1.7944945049538321
2.1651051384438262
1.440407918831675
1.7364818565945273
1.8075065634731031
1.6363622243173173
1.7903512944981521
1.8158505436199586
1.5833078907262814
1.434417340897032
1.793474395520094
1.691700146167733
1.6912671652105509
1.5848851533034052
1.8163069897189088
1.9138965986847791
1.558617303569723
1.4560963943309324
1.6661839725749787
1.6395089119954227
1.169568490539373
1.3638998874947255
1.661454781204369
1.4513662411239863
1.5090886689347072
1.2490351854598054
1.5863519689517904
1.3464493381876554
1.4453154986921233
1.9073300355876048
1.3839852204998762
1.227101110099123
1.8081048534005066
1.4902684751332336
1.4882432084284969
1.2390847223392916
1.7876053997862933
1.5464739306842257
1.3696773477539026
1.548183685410484
1.4574923542752258
1.1671544756578522
1.9491231779571119
1.8308278230781667
1.8680061379726325
1.608326744298821
1.4760890062400753
1.0399190585365232
1.854017614584686
1.903502655620474
1.5896459831058047
1.8484719947190582
1.4827867634084013
1.6155710561823802
1.3527906937230845
1.5155449812819282
1.364784701097099
1.4344551684826405
1.7847980896456819
1.7166905026984514
1.663744191009966
1.4812422125651574
1.406228432142952
1.615405828636083
2.124004034205646
1.8927246389015138
1.539992878363582
1.3721023471182137
1.2513050235992966
1.4249725988801314
1.5510326307844633
1.1700033853115193
1.903798547060541
1.750025104801767
1.26173062610321
1.5165935101412389
1.3529885116454556
1.532742945993269
1.3118063123924366
1.770433898510061
1.4650987772479125
1.8777285163419337
3.4624931049111187
3.264367565179313
2.581685287943154
2.765265793285374
2.287483608155607
1.9215945518473687
2.334608739816119
2.1646065019776275
1.7658131702490865
1.5202989185991445
1.8526303632528454
1.7309063477379347
1.7199113885834663
1.7250929569475115
2.136811348625176
2.1862787317949524
2.0374234650849488
1.7827420682336288
1.6594475676751457
1.6650602939940684
1.8004573294645072
1.6067269505398138
1.356491162885358
1.941311220641255
1.7983823308543583
1.969722530147397
1.64476158198406
2.1365738144226913
1.7440336940011527
1.5770734108453686
1.5369064629951388
1.1869411803578995
1.3459518202023075
1.5056945020657995
1.4224319620636285
2.0001696479219353
1.9490163346409823
2.361104547504061
2.1401507574151872
1.6260937143534275
1.8176352362292676
2.1855664151541077
1.7312824782182596
1.817852994280301
2.1272722620815325
2.263964403827243
1.8780115441109855
2.2667220177809884
1.86552900124681
1.9639705339294051
2.1031582202544814
1.9954574626075994
1.959589250274541
1.911165090331164
1.9609801721730833
2.015188751475874
1.9118982825473638
1.9786432221296986
1.6618039293008242
1.9105372226294661
2.2035481890429995
1.9624852280387959
1.9391604337776365
1.6638508560145087
1.9724031584454773
1.7541794343615045
1.4746133216845796
1.8085869848334863
1.6266259135032934
1.8672443490669155
1.8052933762638246
1.5956421363710291
1.9402611609319744
1.5871844968527993
2.1530628205557094
1.3836366355494023
1.8394476865383866
1.8284094057700524
1.5083334810051177
1.8856195560036109
1.759781024261071
1.7957220455103036
1.6470768842034713
1.892062520432446
1.6201413126440736
1.994634238457455
1.8432732239572285
1.3649842153254932
1.833299591878105
1.7998841560652772
1.958529504175499
1.7342320608448702
1.9355060657115837
1.607171115056821
1.6509115076802314
1.6281123353853029
1.6682950534552399
1.2303456197563558
1.6649048631968157
1.813336318906038
1.9541122395461583
2.0444036895551783
1.8442286583872274
1.767558073561504
1.6412041658291325
1.7530702434864738
1.5406538807637356
1.8755349223848115
1.6126439275933693
2.153813431406288
1.950644136207016
2.190231366057235
1.3971611988486414
1.743623994410753
1.8184066491984823
1.5173516485495757
1.7919481642369788
2.1559163734985733
1.8509239024625546
1.8401491524362381
1.521553254410346
2.1565174154001743
1.69554291092098
1.7823904281984684
1.4464852462831386
1.9835590013499556
1.7466595410927364
1.5701558888142642
1.7775843412030436
1.5220913701664656
1.523717006628046
1.6922688021574592
1.578858796376352
1.4229434479244665
2.1325817381035233
1.8198188266006312
1.6301794316589344
1.6651657488648806
1.5721372081828824
1.508198514964479
1.5748662726706526
1.8745470127040749
1.8591504113639183
1.873016686450064
1.8753856328069136
1.497720786263086
1.6375406260954612
1.5830905238572794
1.5827108642974856
1.6179053082389754
1.8738340567501415
1.277694761542442
1.90416125208643
1.366899235257978
1.3221019084454952
1.605839132051831
1.5397698247080185
1.7137941931689349
1.8607480677192643
1.4076832944908233
1.7477731374179806
1.6952954623046996
1.7589114117477347
1.8002062744252156
1.623852372453132
1.3864614498510308
1.7321921676720606
1.4073795218468717
1.7001217281487795
2.064498619201884
1.6730652739516285
1.5880007369555023
1.66097075202955
1.5924581619777205
1.80711788403349
1.8971607918378246
1.2877193339099968
1.3109212195274451
1.5943006987342834
1.6350486738851326
1.6597959244005887
1.5157751298528934
1.7001709149542936
1.792521996251269
1.4726593864014015
1.3742673555772411
1.639686998875198
1.5629428300105668
1.1426537493707738
1.2900157261381604
1.5864236504849556
1.4461354765839483
1.414863632300574
1.1106910543397288
1.5247264740912119
1.3336645995733019
1.3642734857705936
1.856352189425801
1.3634840461654094
1.0918100394144745
1.7723974061553445
1.4301959597076803
1.4588114939465526
1.1782018034293853
1.6726122654429416
1.4532466080787796
1.3954336414193342
1.5593618841037775
1.4418205662648045
1.1091777881808662
1.7486404624016951
1.6555881639269714
1.8833220788493723
1.5321783418231456
1.405116052830461
0.9580963764227611
1.7991464078340411
1.8494843241270718
1.4703912251903097
1.7960267338289175
1.5582458843653226
1.5319474883328135
1.331789921679087
1.5234512743998903
1.2141529881475126
1.3747940147104867
1.740778046721673
1.541083368126049
1.5518399355831938
1.417555649393238
1.3772973415978063
1.5156367203947612
2.1347600777753972
1.805445607608598
1.509184205836002
1.3294156591882313
1.2423861160775511
1.3497687785450776
1.6079121025829188
1.1668585599571912
1.8927704681574617
1.6944325097950599
1.3423028504519485
1.4969220630239097
1.3133662494239118
1.5247388380964146
1.3480093488718181
1.5751539088124975
1.4121014527148341
1.7971981778025619
2.9790704367766865
2.811954994499208
2.20168089275975
2.5240116977367104
2.2952005752434266
1.9009635973359644
2.479743976865346
2.194533722361795
1.70552997432904
1.5966908502608594
1.8807565086046476
1.7138178143579852
1.7408017901194555
1.632388169777986
1.8896576456059113
1.954695292298081
1.496538395787522
1.8284073764893387
1.7130771195215357
2.1175485599265915
1.788205986145865
1.6059602138997526
1.3558751806274743
1.9795347629859654
1.7534718586920803
2.0206601036801666
1.7574397978602447
2.1204460062421795
1.7129695660877704
1.7300830357531738
1.5141148009913021
1.1861807739479295
1.2943111320966068
1.5613219202078426
1.5432976446950728
1.7611143284670185
1.5098266071218318
2.161550725827613
1.9303056005530546
1.6673830335195083
1.7570395839423172
2.0489463440969073
1.5447625916204326
1.7275565558991357
1.6026611760032523
2.0655530223914393
1.7034421568852618
2.1567746859939696
1.6938224930850447
1.8142048722841864
1.975427951068989
1.6512079792746674
1.6989611948728862
2.077283790199614
1.9176631326451332
1.937695891018746
1.7194690249335676
1.8959163198634417
1.6308793794699274
1.729078412927257
2.0318176609977447
1.8343864270022647
1.6875333649522903
1.7972879663909
1.913933963768598
1.5768567091503467
1.3790302743779237
1.7041032099146962
1.6741881264273055
1.713182006659597
1.6929970544217947
1.5701646750814546
1.8158434643641923
1.5861036789249212
2.0904162769473853
1.3683114481091458
1.791017315145329
1.7664290722627756
1.3704858047160506
1.7309790957761355
1.64822759810278
1.737270636203882
1.5363602104616445
1.75349865201757
1.520874445967197
2.060499875869795
1.9573914938821788
1.3681361079162784
1.941179102820779
1.6305582375128997
1.7645004896863024
1.6331533174064465
1.9451151283718946
1.6047287792147682
1.6357476490029967
1.6312207943342352
1.579248158265963
1.255474406522862
1.5410135597101187
1.7954819928764476
2.033569018015107
2.0981113002240144
1.7682062478368188
1.730853460331656
1.6175935195550042
1.7596362458176449
1.5426235203627798
1.807563979233252
1.8521405900573893
2.359414471040826
1.3563138540456146
2.2208731739674716
1.380841737022985
1.7304375541971582
2.0246526045535305
1.4387836304735122
1.723193232044194
2.062297333583283
1.8351182707375142
1.7573134874891292
1.5960554537155704
2.1114066921427246
1.6547681750827397
1.812331284367538
1.3991247467101111
1.920889126846817
1.8350342797760377
1.5757381131946047
1.7256784754517753
1.5346163594992324
1.5501517255791306
1.7220391315757317
1.5598446258366083
1.3880243109397659
2.058228413656355
1.7708506291931774
1.6651728530136842
1.6414354835025105
1.4244797443353154
1.4309966596508794
1.6127488973562898
1.8196517023414707
1.8493250918656188
1.840185761017697
1.732203311624
1.401390045420684
1.4560416616004508
1.9291687640330268
1.6858975381179524
1.68522788363041
1.9453769226781574
1.2674434186839127
1.788726076232927
1.3973699605921481
1.4058363555331153
1.610782435177223
1.3437712988028763
1.5865411495515178
1.8660532197573048
1.3113512654246078
1.729581797273942
1.6914274259396496
1.7535277498692503
1.6711989072338111
1.6893230371372565
1.334692359725017
1.7070826253577962
1.3108935042819083
1.6483543479821412
2.035555984956234
1.4738809912338322
1.5952110914352768
1.6015571419925703
1.4871586627591198
1.7775532549331958
1.6795800471131281
1.2576583710781248
1.3122350003239123
1.5796525559860757
1.5976987723400768
1.5655480033000149
1.461998097235303
1.5897655142216953
1.6562145945144104
1.3259739748462067
1.364593751169528
1.5944625480245977
1.5256340547636833
1.091893331498761
1.2545124338911127
1.5138969447557724
1.4075471825272494
1.392109815389294
1.0481324153196412
1.446230188342659
1.3593004595462037
1.3679791832520205
1.8298003247208265
1.3853666503330904
1.0729370621170544
1.6511297545643846
1.3944433650042318
1.4082662835101503
1.1785338202580142
1.634361705711579
1.3994041269388888
1.3916580121744198
1.50201866757164
1.4108552537917474
1.0186239637427543
1.7497095035733181
1.4418451488666815
1.8234710874808
1.4584627334665698
1.3642633690241908
0.8906312481416819
1.7834158659202588
1.8658015895303974
1.4458513212266813
2.0366529743345603
2.0096670339206884
1.6231530697939351
1.2999505630227386
1.4515690511858343
1.2266838123402586
1.4171411037540729
1.7660179364413635
1.624025784074224
1.4805376207027616
1.3634528311787515
1.483520288854969
1.609405823292203
2.104370750101574
1.767499172521993
1.5030257477490472
1.3338034914635184
1.2315132863253808
1.3611169306632152
1.5498525540082124
1.1447249130209403
1.917114105095137
1.5746126880201263
1.277310161466705
1.526040375464486
1.2218606279827793
1.4345030526350602
1.330892691429388
1.6224866680113994
1.347727204985454
1.7886016564084037
3.1993815488948067
2.686105445440231
1.9726908114232575
2.373098700678178
2.133607790194415
1.75066854081982
2.3017892831082545
2.0485523357414697
1.541315657708104
1.4876298308992129
1.7134909575498805
1.6537528156448515
1.663323894234182
1.5742638253726138
1.890614126639533
1.9431880237247872
1.5085217965589353
2.2573430551064955
1.5373552363373546
1.5891819857962435
1.8469522751110563
1.4762950407544515
1.3216796919278957
1.8244056262976913
1.6801565351570311
1.9489442684005276
1.6878366192101177
2.055483703693816
1.6395989663130934
1.5818293733747253
1.447023990882858
1.064871473516197
1.3200673881650824
1.4650197126233708
1.4692339372729277
1.7142350222559368
1.5208358568726235
2.2234510657535176
1.883533399444224
1.4928470291630054
1.7115130090416002
2.0800851724316174
1.600049459644999
1.64696445928084
1.8540775464131767
2.038921210700218
1.7312544532359484
2.086117578880209
1.6961654838316065
1.8352854763290625
1.9773674822511131
1.7542186081205149
1.762567029572059
1.7723783172709655
1.7430460386629796
1.7599685441815198
1.6876140664362205
1.8619702163167628
1.611607098848303
1.6650519547590599
2.2264447940259826
2.1363209050881014
2.173814722946408
1.8167902300350478
1.9600141603784536
1.7103117452065824
1.505712483340552
1.7080287777004617
1.6713393842513917
1.8804858933172584
1.7328689611290227
1.5642834623608752
1.7293552788645687
1.670536126089643
2.123344218944267
1.393260474542744
1.8603574704961743
1.9539501586434687
1.4715694202303127
1.738716309168396
1.7431608183351857
1.7632192642578297
1.5767848871447725
1.8821119347373916
1.62801673523205
1.7951262635633738
1.892880044401924
1.3895541826901074
1.859309822252007
1.764506560639326
1.8361914319622377
1.580571981340051
1.88672536149066
1.7486433609265546
1.7568261846776803
1.6692335381626258
1.701499288157573
1.3117518981153657
1.4835226161519777
1.7674464888789658
1.9304049002522758
2.1310170955169254
1.8373972057234178
1.737475603671031
1.6003302468623175
1.7452978376314148
1.580629632932635
1.9113447262259802
1.6720747141175953
1.648838325654307
1.360951215601654
1.9453840159634177
1.3674486165384183
1.7392885774549551
1.8651442470462618
1.487957770305322
1.704431763975034
2.038354519953761
1.704040117104668
1.7956115203058458
1.5468825621213456
2.058614673322128
1.6286398971802376
1.7394432927615728
1.3681804397500643
1.9729831870182726
1.7681995737747693
1.5701411777106367
1.6618350187628534
1.5123252127989346
1.531701909415061
1.6365186588137086
1.54739725427625
1.3833571196300893
1.9693978604180107
1.6943938056863224
1.5134830221938214
1.6603451153054647
1.4477274303865708
1.3939293772724246
1.5157932323241265
1.7976795524197555
1.7555140267264504
1.8274912353993937
1.7957797943183593
1.3909975693103382
1.475739460926855
1.7283284721540437
1.4766740629912662
1.6651490599084946
1.817632715142655
1.148252999599868
1.7112146439068927
1.3309716391371391
1.3454302898139934
1.6599470002296859
1.3753996231124042
1.5260315693234148
1.7308679774654663
1.1808580097446115
1.707455693608627
1.5948554824527115
1.7768112117715582
1.620558179387667
1.6043737800076388
1.2550961591875536
1.6821110532174792
1.2408387673490517
1.6136979004353824
2.050795533512804
1.4480771463673008
1.554565910685831
1.5301896961618813
1.5262821254417671
1.7724549082893815
1.6763760407724746
1.2477858662699954
1.2898760365826396
1.7607366233060369
1.5398741343196731
1.5014334885213294
1.3839795378556803
1.5137408627909603
1.6186873093378318
1.3001756608801962
1.2978838803963932
1.5485722647457325
1.4621517673136086
1.0414397472970873
1.2710509514031396
1.5301352054507198
1.3723953772829824
1.371825132975846
1.015797771152314
1.4276791589535036
1.3526103180649496
1.3348283805942094
1.8716256643547076
1.3995994557652767
1.060112551052482
1.7277277824190413
1.3302394993662083
1.3191582093771523
1.219987558553301
1.6608901443939053
1.3750221099207893
1.4160230787848886
1.4396188215834977
1.3334109309597855
1.1139895515722065
1.7384792440576304
1.3361491075920418
1.717186854311227
1.451222107521533
1.2989187386133951
0.911472750133897
1.756989291370499
1.8091842065487205
1.3417684666482825
1.9709694813363092
1.882627692477978
1.6051912248662277
1.2713149017211531
1.4160028137194007
1.1703162145813695
1.3570465191781125
1.7293427269252328
1.5422069004674284
1.5106993434134341
1.336561380417963
1.4433145578826874
1.5629168892442227
2.1248042782077063
1.7178503690368665
1.468917324220694
1.2933416145706804
1.2236590805081042
1.358423388602109
1.5620386428934288
1.1123414008278873
1.8097756638309144
1.519590141322221
1.3296557516437533
1.4630141825276177
1.1937441602444794
1.4525724382742584
1.2856946609313566
1.6210794388684706
1.2722128809150315
1.7558353572950367
3.0798219402832663
3.309071514499998
2.181237718826084
2.1867581992269693
2.1251633667775507
1.5609628010408136
2.2479707702748817
1.9966312134972037
1.5620422821417976
1.5289881822610616
1.9195695658853258
1.473291108350488
1.7176908179765629
1.5731752249599147
1.8184824544420886
1.984974534565519
1.4759330832537854
1.6582737115798372
1.3562550894336245
1.5918986337651688
2.0020423049927656
1.5898529231176928
1.356007414354462
1.7809415995121578
1.7556876168427946
1.9056168582380657
1.658262758901246
1.982070612987724
1.6676590550621904
1.5340243541968874
1.3668445152393227
1.0570090873099451
1.2158929508469043
1.36185708761403
1.399553972640251
1.629637424592683
1.4404740320193674
2.243322855111499
1.8756270111746218
1.5850535036217293
1.7776773512545592
1.9334820185899741
1.578290895093262
1.675596534363858
1.7159809929472802
1.7729219857504954
1.5991884524438091
2.084110617444674
1.6466490556011157
1.7563742631397308
1.9300188869597361
1.692453455589875
1.6585973037236261
1.7429683901880395
1.6406412101113768
1.6620957810076789
1.628935931887309
1.72837208051324
1.5490102272649462
1.6580090452640004
2.0568054076300792
1.9094612043898924
1.7877084731944421
1.7277614186396841
1.8279757699333776
1.5954923850197
1.337725205765202
1.6733106410005791
1.5542445212677587
1.6820676035378548
1.6135804745454372
1.417807775684724
1.6703529674985156
1.6193861441128399
1.9698654762251069
1.3046471303901441
1.7661078781469388
1.8140896547283112
1.4107093008005571
1.6687263639809424
1.5800217912448873
1.5675249576994963
1.4502761666136152
1.6562031676190276
1.5946507772698784
1.696584408755043
1.6980631875776202
1.3438616311701725
1.6929796194490394
1.616398287852806
1.7846987815394337
1.5672316022050072
1.692038428354762
1.5737042066067557
1.5073326849410353
1.5677415961004355
1.516531218746319
1.1165762612054158
1.404731093809737
1.7028773851916499
1.834929506382562
1.870682258585456
1.714448517906194
1.6099737977721658
1.549999660339674
1.654503062408891
1.458905797378524
1.703094509338647
1.5272794481560186
1.6554324995612726
1.2259385603770945
1.8184886412016767
1.2534274638100356
1.6367103211679537
1.5641981070264472
1.454153587033515
1.596004600190465
1.9832343361117863
1.7516064310625539
1.6197627999435888
1.291866285441795
1.9613168573765047
1.619959351758573
1.7706084764007128
1.2885159080961766
1.8734399559887427
1.7850471999682878
1.573261398371072
1.5798444932063431
1.3668424225825013
1.460748695501163
1.6623105958571958
1.5117809178501822
1.3603632975568867
1.9873533073190779
1.5948408091750153
1.5027134384296112
1.5736275239124267
1.4713120572759748
1.3894600237269796
1.4786261514563308
1.8013689684673544
1.7821330520684917
1.7827429806473494
1.7383981969732962
1.2908146083953618
1.4623128225224484
1.4958751746990435
1.4238211531926601
1.6552351959927676
1.7614855900036575
1.1164739577925795
1.659124490405037
1.2855610393581045
1.328917799723295
1.584360149066084
1.3337830962819173
1.4696854957200916
1.6449998023950307
1.099930458391102
1.6629422990257272
1.5931826375391982
1.776748694684863
1.5594820937680176
1.5526381789374064
1.1705078726581244
1.6620586247375906
1.200149621324006
1.5600072527715576
2.020586116212564
1.3809515815380653
1.5721066710673763
1.4768189040753976
1.4514558679762373
1.7557490032037004
1.622968304454579
1.221342536616831
1.1629512205390666
1.6410558619762687
1.5216708774656125
1.5410892544111556
1.3464721446562187
1.5006766280802164
1.5213773453923627
1.272503189275906
1.3594166206112608
1.5480685686701656
1.4705515419939725
1.0496863273760988
1.216930742981264
1.5163592905415573
1.3343562366690387
1.280730933496341
1.028809345086003
1.4412813200407817
1.3499054262632872
1.3206211764193854
1.918895706525975
1.4278770082585333
1.0379192132040693
1.7685781816017043
1.2301616325142504
1.326048802545119
1.2767953559388867
1.7061504958453237
1.4193910375883727
1.3725551531179065
1.4643252775100055
1.3369063213842636
0.9808839995581023
1.645385297348718
1.41400661939479
1.6868407568205608
1.3779759772412814
1.2479705447461553
0.9409391498799335
1.7372384864536226
1.8698234300257444
1.3304494627372394
1.8788075388332222
1.5735749874414968
1.56569737943495
1.2466706439738693
1.3108485561487744
1.1061210222641797
1.276609305808352
1.6713195785426875
1.4601078607450575
1.4537239801413069
1.2678553283853589
1.4045672395580042
1.467489702323817
2.1088028960957574
1.7153396176550262
1.4300898282725976
1.2386264781731096
1.192250514858273
1.4238709869978228
1.597392719874097
1.1423167099722789
1.8350060442653084
1.593308403147171
1.2962913868536527
1.4243994302042622
1.1756773283377324
1.3794290145310666
1.2317578980603419
1.5950834019523608
1.2569390397804763
1.7384686586703089
2.934218370085013
3.1404873170455296
2.1233447419127063
2.3956628259438544
2.2194691917951412
1.5386224668832622
2.3301612084806163
1.9879583407748884
1.6499288594312238
1.473091370107573
1.7159315855834045
1.4412698557246422
1.6549149152539828
1.6258089208414894
1.8316623013461877
1.9166095654167266
1.4614288074210213
1.6272338718065806
1.4383296577631266
1.7089602113982354
2.0454703202040396
1.5702402387973637
1.3441506297638302
1.8519429837882024
1.7847054922465528
1.8326259516753998
1.7000377214281164
1.9699699105626203
1.6600740951987312
1.4968337613569034
1.3595616852026353
1.0872824835513841
1.216264863356504
1.3618458288210358
1.3404506286638125
1.5772351476654645
1.4176074440552617
2.1797919176885614
1.756257225509464
1.5709155597528872
1.7955100673267774
1.8585251320504146
1.5203279013638886
1.6430961405346918
1.6546236599479691
1.677468167148062
1.571570162079918
2.1037400365437864
1.5618383630523989
1.7529568667738369
1.8290636678659657
1.5808939438171872
1.5848136480613155
1.8041088872088527
1.684614055284162
1.671797755829034
1.6218473064034664
1.6783475681037745
1.5684121946590417
1.5978611793282773
2.1130808707011357
1.606883047161142
1.5951523004199424
1.6501258917195738
1.8038025447196604
1.544256125465789
1.3037092684567475
1.602268584717689
1.548743461166907
1.6371487922995664
1.495884089364721
1.4143507385973322
1.7678105902323569
1.5540548320180985
1.946513896670668
1.2582457873625383
1.733092227665077
1.7466202481844755
1.3449716099302305
1.5349113747708938
1.5121750957765836
1.5834543423403011
1.392895407746064
1.564866432945769
1.5398999357497314
1.773603201909106
1.7407270480644694
1.2955755838817127
1.6306037009428886
1.5880217185328076
1.7093715163177972
1.4815767793903123
1.6618413974098603
1.6072015353906877
1.4338366376343996
1.5792386197242037
1.53675059789614
1.1060450526697507
1.4432742624196535
1.6659596222953952
1.7369072953828466
1.8733300489335498
1.5985739441264275
1.6084822872815787
1.4616197877001695
1.6091116003381674
1.3985028956551113
1.7220874095743224
1.4915803652995343
1.622399044234053
1.291426178552505
1.9270253345217183
1.1661128293399616
1.5916387254987274
1.5167347793703532
1.520669809574433
1.603263318534142
1.95813813765849
1.8149549825386697
1.588369685219688
1.3364485886670274
1.9309789181291663
1.5389929818052999
1.7384057334664458
1.3028969612667973
1.8221994923490208
1.7804696746655624
1.493481709263899
1.5102057460872773
1.3214820238355136
1.4411971508131267
1.67519435427673
1.4443717543396688
1.3034448251780923
1.9553127977611968
1.6236039293520412
1.4339341930876686
1.5657364539233116
1.4318536206277794
1.3645414616528413
1.4232548903993825
1.7060800739241897
1.6922727395783606
1.7566182055162702
1.7231360521583519
1.2375472293088101
1.4085098734878607
1.4227420760208997
1.3068958890016065
1.5679022414878734
1.8097360684390873
1.120888913185449
1.642347407129577
1.2060774296548658
1.294302109581601
1.5731886216575435
1.3537726376902635
1.4616472685843451
1.612075426454736
1.0510766939921705
1.6182543076359668
1.5484301640465032
1.753491719689226
1.5088966856885544
1.5455245411336749
1.1185478563284916
1.6622079134090326
1.1904097131029454
1.508129959477196
1.9513333674421343
1.4544311638722691
1.450420011199657
1.376228753838603
1.5745200235375203
1.7433556133863588
1.6439566507919317
1.0989297223097407
1.1973580910023243
1.6745371667681632
1.3960730528959548
1.315492163098602
1.3017254648679286
1.4638566145984535
1.5146360618328307
1.2626549261788582
1.2606471183910986
1.5127434372388575
1.4704444528873502
1.0328536687322127
1.1505255671529695
1.530235935072095
1.3042892068712206
1.2202674846067056
1.0402269145392036
1.2846943243281828
1.2470672633852318
1.2959731295841324
1.8041216487259077
1.4425720242906594
1.05216140260118
1.7280862989616967
1.2356138398227006
1.3553154873351785
1.2434370595297553
1.6380924902386218
1.3614553332656416
1.2501020094872684
1.5205633084294583
1.2219697697885563
1.041603907400395
1.5309674494568122
1.4518835114551685
1.6852092192373562
1.4200722929981635
1.2446762723003972
0.9707182453215881
1.7663727898553594
1.826062652432678
1.2973605472605816
1.6718588788185822
1.3626705176723166
1.542906937628335
1.2786936323255154
1.2519746168659456
1.0534983907631872
1.2488132581724976
1.6173842582464844
1.4103308010055071
1.4226522911287893
1.2425549678703927
1.3334497005553683
1.5058975811126887
1.99024701224866
1.6790657881955813
1.3919439827026587
1.229839005686032
1.1976332972872918
1.4125093121439696
1.4818162564886752
1.0652771804224175
1.7138418435746479
1.6021831709294823
1.2482988843771985
1.3834579709195685
1.1748322595825258
1.3609207680640623
1.124526383930487
1.5377635143229968
1.275639335576999
1.6463329667266167
2.955783644403366
3.1083892974923173
2.106555266864973
2.443260323170947
2.1325324054187913
1.5316000152973221
2.162105680002134
1.9428160054069963
1.5782492779576272
1.3831819349770187
1.6666445882402352
1.4332952424887706
1.6553365522977208
1.5725215048778225
1.8186756483437911
1.741578571642304
1.4433580424006531
1.587603892248516
1.2655136466335886
1.4558268885672379
1.859251744201509
1.5173171155450182
1.2380330326246793
1.877675190655422
1.6611922876004723
1.7243182890825905
1.5613155724300967
1.9862386133278835
1.66216123027227
1.5451035668832143
1.306335638211067
1.0426571118066574
1.242855707238749
1.288812348131749
1.2775090460444338
1.5409802286336192
1.2904069116888883
2.0903981384359174
1.7556084254065665
1.6982052160612162
1.7653136816011865
1.9196048221987907
1.520924272730003
1.4253209308220134
1.7631610896561043
1.7970224049811203
1.6092566739541114
2.033053374796785
1.5603084627146513
1.6894459520336826
1.7824935527793404
1.5781358613686025
1.5050484098919368
1.8401485980616803
1.68384887100927
1.7303287289888223
1.6825374958192554
1.637849091370941
1.5966217935324292
1.6487110300698022
1.9310686405562587
1.5673839763973607
1.5071186608785332
1.591398348938976
1.7981711611096916
1.4673874210892854
1.2954477412435128
1.6413311246068663
1.4993017071750527
1.6133708597312677
1.4500263289148523
1.460684964630443
1.7426211401009002
1.4198140405083663
1.9769461702666522
1.2076263414534072
1.7388587977846708
1.7558400626631963
1.300792859302488
1.4772701167725983
1.446931161541061
1.5701108423419035
1.3861960224664556
1.477526651444552
1.5648097727911292
1.8139201460173004
1.8721821909263014
1.2998761714782678
1.6944991553603455
1.6361307638454718
1.7379110213521816
1.4796318158032058
1.665067759080528
1.582875929231619
1.384133711063447
1.5863529628010062
1.574015111848417
1.1456404848906403
1.5182354667927902
1.6004053444387787
1.6899127850156808
1.8069581900021263
1.6127170487922597
1.6362190633349978
1.4049195614885135
1.580623328516071
1.3062780414959743
1.659469191286943
1.4625274150193281
1.6450433993833555
1.231654166580971
1.7991943261539038
1.1158701288435804
1.6140123516871223
1.4216098339128447
1.429273968753769
1.6319295768391584
2.0717813476113753
1.773679174302822
1.524338709299787
1.3431684508565453
1.9182905882633021
1.480421216311602
1.6992130993498635
1.3084224003397669
1.7571395050436067
1.7977060417905129
1.466479243265717
1.4373028825690783
1.3490280321248742
1.3343676825868602
1.6123566779286846
1.3755452457162753
1.2873262392067562
1.870137940767586
1.5510069950126155
1.3995054158700175
1.5049011555197795
1.412537641332242
1.3566567352752685
1.3654175835637778
1.7089424162151061
1.6784719959617864
1.683850634311862
1.7044066105910416
1.3110990332200978
1.3914737772934156
1.4861632792114232
1.3495430486691213
1.5847745800664823
1.7517319338963788
1.1206233784460748
1.6617442784251615
1.192269564325046
1.2993895783942957
1.5745428899027358
1.1901085273375047
1.4508639968778048
1.6977052397302805
1.1540814691790824
1.7097020656273272
1.5207762792190644
1.8469636082812741
1.533404145877574
1.5702549966747297
1.1603572086361693
1.6986540854516776
1.152760309260114
1.398192888418383
2.0089263816898493
1.3598161893305678
1.4846827689298052
1.3680533914351587
1.3972707996928904
1.6907405829125592
1.6171553794019533
1.1563707856585748
1.1880507962717584
1.6732932973550274
1.37773688842593
1.429350608373086
1.317456277137912
1.5411626216813497
1.476107070551168
1.342390715156486
1.2647235562700827
1.5171333898554051
1.3835840715523915
1.081333327232184
1.1328628377732906
1.51411991102041
1.3185776944072862
1.2946350982817831
1.1032601878822532
1.2048959116342641
1.1582345250583084
1.2258649086115363
1.5557672684171922
1.4455805396746153
1.057380823682483
1.6456531795374825
1.1411829033366399
1.2807207128059865
1.0377090342315642
1.4579440406393425
1.177865114472997
1.2010229348013144
1.52283190442495
1.2760868346042407
0.9032657052995674
1.591804909580494
1.2698187462850108
1.598995568318268
1.3958327837687576
1.2083379904006557
0.975955455516569
1.7190249138815263
1.7779874031089402
1.2665800240914415
1.5538232517189632
1.2974537898523526
1.4751970679044177
1.2803571588463583
1.204387959936849
1.04569876647918
1.2244745157129726
1.5374709233853412
1.3476141977656828
1.4543114376675705
1.2503570478082513
1.280308772867097
1.503044122644786
1.96974635560408
1.6692191857839775
1.3744267683330473
1.2716086540214193
1.1815696458545006
1.335232366587253
1.4744181978009625
1.0476278243701438
1.6532279470722109
1.552365152500508
1.2157707860443203
1.3840712859048183
1.146164126291495
1.3669882613466902
1.067409775996215
1.5265693413891521
1.2731859385464557
1.5935853498483334
2.9277725268432833
2.872718039408457
2.026933720774849
2.294835601661766
2.0093990987341663
1.5989915601246292
2.2363987062530146
1.7857015532706906
1.5177220290004556
1.3191977227025662
1.632880680480683
1.3617780146624512
1.6911866876674901
1.5554687340018494
1.8303125798760422
1.7456955872183608
1.4145106105525012
1.5717987189137659
1.1597750949913253
1.3461617529750507
1.7066866002780463
1.6684032732460896
1.2523599106802183
1.7582852320730344
1.6822046157146993
1.688969877267254
1.5491907359343027
1.9862388552432793
1.6947336936616133
1.4785497565037355
1.1710729354917717
0.982182811476767
1.1667733156989795
1.3286972133104167
1.2409157716074855
1.4314191387660606
1.2304461919196867
2.0484274167708887
1.7824554913802626
1.4651857430141737
1.5717058629497673
1.9309578882149303
1.5115332834166937
1.43622177838326
1.6088576971731208
1.7085441589001893
1.5845247746386082
1.9996395294600278
1.566553849040668
1.624711429310135
1.7458464740988489
1.6080063350824805
1.5364919796660526
1.6646984405514025
1.5698420362013397
1.6116152849068353
1.7214868943547585
1.631451415875724
1.5417144470415325
1.5307507828864788
1.832711629976885
1.5474559395130405
1.5908524977455902
1.4707362049446508
1.8567575774384013
1.4370875956772267
1.2267018593128152
1.5641162673970233
1.5025120224901671
1.6383617497680607
1.4286957497555621
1.460152285638536
1.618587924406974
1.3680310809566125
1.9737227320268964
1.20678059299349
1.7228180784890113
1.6800507788349905
1.28866887388544
1.4732208870160197
1.5290758075441813
1.585432436714889
1.355804261352542
1.507391351818433
1.5673600470942792
1.7418647305321489
1.7397508089232612
1.3549564607672229
1.6803641697493998
1.6927893911825802
1.6785700511807904
1.4946852270549225
1.669618708382562
1.4713088869638717
1.4217434153623376
1.5609270137769633
1.5541005633850913
1.1495241108330634
1.464234111407452
1.5876336494563785
1.5975075543268247
1.7636372657446169
1.5675989783188633
1.6693725601684934
1.3432834810424474
1.5688171933316488
1.3094980158508842
1.6869044525156958
1.417188852182533
1.5925882251677286
1.3219487425574126
1.6269477579508873
1.0584788166467776
1.6235201271762223
1.438123949100312
1.3985264202078467
1.5670428212859497
2.006576353328126
1.7074943831881415
1.4844846706372956
1.3420712361174651
2.012499743634152
1.4721000998300091
1.6895152081071814
1.3552163010654654
1.707506474928327
1.7969389726838987
1.4332212792616108
1.5135062682009113
1.348532468556619
1.2919116749623971
1.6270803348451226
1.2899297350428218
1.3035482053040208
1.8260217674341241
1.515771138124132
1.373197746861301
1.5059200732868578
1.422163798974121
1.2923632473388718
1.404401864994972
1.607828899077031
1.6568504179010144
1.7209058391003986
1.768029182895894
1.2111593517534718
1.3346808380188688
1.4573150034184799
1.3579160723223533
1.6090788271444465
1.763546044668945
1.1918306137484695
1.7639631379258331
1.1528565778912192
1.239333833404516
1.4525552468319394
1.1656330713432776
1.443236119425136
1.7282007593335078
1.0868369925514132
1.5808644872931563
1.4462802803266208
1.7670941253327093
1.48690013740959
1.518900566620594
1.158488278304127
1.6805246066478132
1.0845007075787008
1.3575767022014835
1.9070792991297774
1.3964450142293503
1.4007623618068836
1.3806126968534496
1.529465036553097
1.6582241117828067
1.603948005664781
1.0904432122975245
1.1415519704656545
1.6202747884954394
1.3629168804762044
1.3643180675416027
1.267536674642805
1.4858155457763653
1.508728239743588
1.6210042062045664
1.2560774259351972
1.529618922467826
1.568015868260335
1.077734030469263
1.145284079206645
1.5673430039625633
1.3709565173550897
1.281938411920637
1.0043946844513816
1.191420033378039
1.1643538329535859
1.1938947252501904
1.5441976540980615
1.394607969254946
1.0589177743932194
1.6208337322977924
1.1596186419182117
1.278963464983245
1.0374964648421847
1.4490694758154872
1.2583469807251741
1.1879590525213053
1.431643678027201
1.1505589659763376
1.0640707166578676
1.6474687544021176
1.167516552854942
1.601472368848892
1.375759635485563
1.108900142477235
0.9210922367503351
1.708264505420783
1.7064892407683223
1.2321534329442199
1.5216864772338268
1.4139042570017895
1.4451299470617853
1.184613842973734
1.2385395548342009
1.0323929268082443
1.2068646108324863
1.5009854288782154
1.3955540610655757
1.3587039485941206
1.2261678672163594
1.3278479968906336
1.5189107486518607
1.902219388112549
1.6185226932361494
1.3209334626174611
1.2144305065341463
1.1595331879291182
1.2738560269021528
1.5200271509040393
0.9927384009846987
1.6173356303845912
1.5206324845812371
1.257469604938534
1.3751042846436825
1.1372357435225917
1.3319895688992824
1.0020948922607646
1.4507077365959484
1.1971444892322523
1.569051127103743
3.164985570927415
2.8879562343643594
2.178012156201331
2.206576292326805
1.9728509145538782
1.6918137748043112
2.31179298468513
1.6997642649826012
1.492639221075288
1.3114218217928137
1.7065699666550562
1.4241666840576008
1.6711209026230711
1.5249264597655272
1.769997358714817
1.7445429358175606
1.3619621913112614
1.588368783980247
1.2377912891255962
1.3090704059252398
1.6711741173148955
1.3965836577843849
1.195782702927712
1.697407070819213
1.596350857275782
1.6471755059745834
1.4061849052643858
1.8938530464286227
1.625978338649255
1.5465337133558676
1.199755258575909
1.016087171678168
1.1130500688777474
1.2776835827970239
1.192745657265411
1.4611893842516877
1.2431921347206936
2.0589807115601086
1.738968583571289
1.3833662290337645
1.56504242479441
1.8229974261688617
1.4863782314393477
1.377548619861827
1.5603528555602086
1.7599230507472885
1.4768460296323864
1.8226103107193028
1.5645435255138889
1.7179850068435814
1.7457062794312692
1.5660117728374021
1.4559047377517307
1.7571352035416894
1.5157507115083693
1.5829401356407327
1.6060960019889763
1.7422752566688444
1.472541681781368
1.4594592379634839
1.810337115256587
1.484702274789939
1.5649463412115543
1.4136552002766758
1.7494412936954875
1.3658692914850326
1.2333245932551236
1.6549843294555098
1.458473768642659
1.7033689888144044
1.374131861120828
1.35959977092774
1.6682050690576578
1.3833712166035779
1.8871875671959164
1.2741658924430934
1.6418817165394575
1.60667001813955
1.266245614711978
1.424827930361001
1.5620657430931093
1.5648882498365477
1.3123061887909273
1.5152094013940098
1.5311334810583794
1.535379129201861
1.5309027800662092
1.4157817563845332
1.7215663533577883
1.5918148085668393
1.584204451171945
1.4615314931314165
1.633341534448429
1.4047056805192302
1.359779742821993
1.491139940008256
1.4644746779000937
1.0130481109555922
1.438989224333516
1.5478617575786482
1.574066541364794
1.7326501883370373
1.6668601287624116
1.697969227248899
1.3104131519005902
1.4545262596462245
1.282161203215578
1.6608605792980338
1.4141275240541638
1.4372737478652695
1.2562907365303269
1.7330481675815752
1.0588734197609981
1.6440623220180732
1.4338893781713
1.3288448426442399
1.6924103691607972
2.137349197684115
1.6951882451446194
1.435621260559925
1.3361023018427656
1.8915041307202338
1.4057037272037518
1.684263997359744
1.3141662884009688
1.753750630972218
1.8102791797649633
1.408113595794517
1.5413572982387793
1.3222473230332976
1.2633167242265755
1.5547194796386217
1.2504286240812084
1.264051978588024
1.795837454823458
1.430296458212171
1.4456201196306495
1.4476655020026263
1.3310854120279263
1.2226676726261605
1.3014201051718557
1.6674564997465515
1.6704850316030042
1.6835793609183813
1.7259745998843956
1.1574742634686026
1.3480692447650189
1.3932949093849836
1.2615364106885418
1.5870330008784737
1.6748574117297284
1.098246447691444
1.588990753881681
1.1369747204050822
1.1990295855404687
1.4539366284492397
1.1719728063968984
1.4382944222319205
1.542367743844779
1.010767063707549
1.5434669649141801
1.4232936742112137
1.878648607890773
1.4971016716891428
1.4669206010871751
1.0617553030270572
1.6759715167060134
1.0760192702736704
1.3452421184403551
1.8436538351085945
1.3195141101446566
1.3672249585008363
1.2943963623777277
1.374732254755164
1.6684875886011843
1.5506276646441703
1.0860332503122527
1.0637526692613413
1.6470590554012632
1.4288942332185632
1.174677297236191
1.1835474682663736
1.4765446757847782
1.4982320736085915
1.4947294022648179
1.2445966041321952
1.4869284595969907
1.4257180675589811
1.0183848444913428
1.0932452923707843
1.45858042261593
1.3362453761545814
1.1807364602166432
0.9690429627725977
1.2886869197992692
1.2040361748059663
1.2611220603558941
1.6773584310806842
1.4522409791398225
1.0320449649787993
1.5675339043042436
1.1439695351471104
1.36676005232776
1.190120631875752
1.4439516030557498
1.3735948606289883
1.2665689397722744
1.410728064246988
1.107309502902928
0.946358843899876
1.634745026902746
1.2261919220152893
1.5583418730967695
1.4307386938013407
1.0682328055657082
0.9433769841875337
1.672586546804929
1.750833282281326
1.3149565906259457
1.533631358751529
1.4957868687438474
1.4802456501942651
1.1708744419757797
1.2758434616884446
1.0762398721184026
1.21222035998307
1.537266717677082
1.3507067803301
1.393683617560797
1.2097074595198543
1.2633854655562644
1.489227102280396
1.8868682483673584
1.5131831024530102
1.2924478190027289
1.1993236377014551
1.215397285009093
1.1709025160969424
1.4419966124570702
0.971041804396848
1.5494869513074865
1.4358721250970743
1.1863632190511317
1.358808571265729
1.1593616523702668
1.2870546010294501
0.9995442428330695
1.4912676727879388
1.2496978692169136
1.5937728684666792
3.03806818365033
3.2378102854250064
2.1890493682355707
2.653273260364197
1.967815907542746
1.6078985919579893
2.1651509571294416
1.82994292212868
1.639600617878482
1.2864010127299808
1.5958887335987255
1.38096948168408
1.483986211110775
1.4583943295660085
1.7494363637339951
1.6364486605393762
1.3156139924231562
1.5516913596240507
1.18527416855468
1.416042087053555
1.492595773267506
1.3706029998526632
1.1178778999459187
1.7204871700370583
1.5837199521500709
1.6875276873746843
1.5851133109405573
1.845283756374788
1.7148470761316126
1.5156750233395035
1.2040640984118371
0.9787494166636159
1.1537215628313773
1.3127944579677226
1.1582125051465992
1.3817268849005615
1.235566358819868
2.2063513766044345
1.636360795429191
1.5506295251170026
1.601329854048079
1.802650262915712
1.5547092763185806
1.4068115768798202
1.4686520441516526
1.7145435527707904
1.4757739098953033
1.8943516164914058
1.568502873487771
1.597800187753132
1.7884193508048236
1.462271758903217
1.6127421094933816
1.6029027964060063
1.5643949717346053
1.6095341870247233
1.6128820852841887
1.5828936447964868
1.429991083121954
1.5334433626749884
1.8928234531574968
1.4353962125737407
1.527003947810957
1.3956126545135663
1.6829265240753695
1.3677927145175641
1.1525656589993316
1.4890547556947131
1.3993509542745302
1.6625954675245576
1.4604722741038136
1.591465310609426
1.903333086242891
1.4071016560063367
1.9232224641970384
1.1635693247542964
1.7520427869624966
1.698610027875598
1.3042765698275016
1.5662719082334056
1.5085006732903294
1.556839837429968
1.416853816401766
1.5868123979924287
1.3807410663832325
1.6416104496391348
1.513059699279817
1.2851879800376946
1.6121148999576949
1.5246728326676644
1.5409635830628423
1.3818354087813736
1.6367743700339918
1.333617887178214
1.3878069237032833
1.574573355212858
1.4497870311965473
1.0236953299452658
1.397584266683249
1.4071735119938653
1.6315577782081399
1.8032880974902183
1.5235506331018303
1.6474020686618132
1.1606767897181707
1.433283644269228
1.2622382180101939
1.6169221476804883
1.4947449731337958
1.5304094295370352
1.1366639423363358
1.6014016846649608
1.0613224186822783
1.475977350431275
1.404443671002424
1.564032268163563
1.5247983572685078
1.948445533378924
1.7321971722715523
1.483040745769032
1.2492980458705039
1.9793073478872056
1.4671134902026948
1.680740587349662
1.3118412183004837
1.6955496397893008
1.8916110459250424
1.5374533047307652
1.5114257038204382
1.3300933138283562
1.3816894948768033
1.579422850664142
1.3175141729939648
1.3605522995988986
1.8432750244054208
1.6049853822210094
1.3472057417930594
1.5005777869926606
1.434483179633933
1.374534767978248
1.3146275938820908
1.753235913592537
1.6355212474962115
1.6694385444635038
1.7903984603382679
1.3164685654110257
1.3519930048303945
1.4460358423302004
1.392908918204856
1.6297665226035143
1.6807747295019606
1.1607626621491807
1.6097217048684587
1.2134827508558603
1.2164429936168
1.462318988189841
1.144655815276446
1.46441425570887
1.6046465793502604
1.0231954775656278
1.5115228028198346
1.5816778104274638
1.8858459304957849
1.4706271297945612
1.435867728820752
1.0878821280741322
1.5995683944965011
1.163853201480417
1.3577864005099824
1.8355802976601556
1.3113924366589602
1.426713418233125
1.3912916059128726
1.3653507530739102
1.6999064745775634
1.7330718046700455
1.0284084636722768
1.0927715415308563
1.6232663756788135
1.340251647139724
1.1410020054667809
1.2230561390511394
1.486983379441784
1.4427729849939515
1.5270163593200883
1.2510130891100948
1.4901222297413192
1.388610764391962
0.9205747504784267
1.0801199560637247
1.5793592955942126
1.325640270856865
1.1290078110409472
0.9777000125283073
1.28671961143995
1.148728340536705
1.1269630813859393
1.6633474796331622
1.395372535592256
0.9478501751759716
1.4847955349484987
1.1045897701518528
1.1764496400523334
1.074420054734403
1.4503163648052257
1.201001251121504
1.1740135135346068
1.3581000153810037
1.1197511299688938
0.9531012741459042
1.630094884628346
1.2177493249262752
1.7014134906758906
1.3393906216297395
1.08146331821687
0.8964759052762352
1.6248710195272595
1.6950075912234863
1.24308697327618
1.4799003107140802
1.3521392842994657
1.4606982121845373
1.263785898552305
1.1803702016958233
1.0529178155603416
1.2416768238812512
1.5341035040182764
1.3393520444747782
1.3555793790845951
1.2224489224126827
1.303948199910667
1.4301842415370298
1.9993567962613918
1.5935925698792113
1.3990387552148296
1.2918295783636113
1.1843525844856504
1.2149465295609365
1.5278563284713542
0.9746128356351232
1.5824667021308736
1.393816471560928
1.1957240510107112
1.4758719260239674
1.0951520275198592
1.3022481233184353
1.0679291568786589
1.51742951547697
1.1931567757569888
1.6304697810076936
